7_0	7_0	100.000	498	0	0	1	498	1	498	0.0	1002
7_0	7_7	39.744	156	85	2	339	489	391	542	3.46e-34	128
7_0	7_49	43.860	57	31	1	430	485	96	152	4.04e-08	47.0
7_0	7_32	31.944	72	44	1	426	492	63	134	3.95e-07	43.5
7_0	7_46	31.343	67	46	0	424	490	45	111	7.88e-07	41.6
7_0	7_4	30.645	62	42	1	429	490	231	291	2.49e-06	40.8
7_0	7_27	32.143	56	38	0	430	485	24	79	4.30e-06	38.5
7_0	7_31	29.825	57	40	0	434	490	54	110	4.57e-06	39.7
7_0	7_3	30.986	71	42	1	428	491	95	165	5.32e-06	38.9
7_0	7_22	25.140	179	89	9	344	493	6	168	7.40e-06	38.9
7_0	7_21	29.310	58	41	0	432	489	303	360	7.47e-06	39.7
7_0	7_18	32.812	64	43	0	430	493	98	161	8.98e-06	38.5
7_0	7_6	32.203	59	40	0	432	490	49	107	1.02e-05	39.3
7_0	7_12	32.759	58	39	0	432	489	90	147	2.46e-05	37.4
7_0	7_25	30.000	70	49	0	421	490	84	153	2.11e-04	33.9
7_0	7_37	25.758	66	49	0	426	491	61	126	2.28e-04	34.3
7_0	7_42	31.667	60	41	0	434	493	79	138	2.38e-04	34.3
7_1	7_1	100.000	609	0	0	1	609	1	609	0.0	1098
7_1	7_6	53.521	71	28	2	461	531	59	124	7.07e-23	95.1
7_1	7_32	51.852	81	29	3	463	533	86	166	1.36e-20	86.3
7_1	7_35	60.714	56	17	2	471	524	17	69	8.44e-20	80.5
7_1	7_21	65.306	49	17	0	463	511	315	363	2.18e-18	80.1
7_1	7_38	44.444	54	30	0	461	514	22	75	6.58e-13	62.4
7_1	7_28	68.571	35	11	0	463	497	206	240	2.75e-12	60.5
7_1	7_2	63.889	36	13	0	462	497	142	177	4.16e-12	60.5
7_1	7_49	37.500	88	44	2	463	547	111	190	2.10e-11	57.8
7_1	7_47	60.526	38	15	0	463	500	145	182	2.34e-11	57.4
7_1	7_46	35.135	74	47	1	438	510	39	112	8.02e-11	53.5
7_1	7_42	39.189	74	40	1	462	530	88	161	9.59e-11	54.7
7_1	7_36	45.833	48	26	0	463	510	9	56	5.32e-10	51.2
7_1	7_3	39.394	66	36	2	453	516	110	173	7.15e-10	50.8
7_1	7_43	54.054	37	17	0	461	497	401	437	2.04e-09	51.6
7_1	7_19	44.444	54	28	1	474	527	97	148	6.20e-09	48.5
7_1	7_5	31.522	92	54	2	462	553	325	407	9.14e-09	49.3
7_1	7_12	46.809	47	25	0	463	509	102	148	1.19e-08	47.8
7_1	7_37	40.816	49	23	2	463	508	79	124	4.31e-08	45.8
7_1	7_31	44.681	47	26	0	463	509	64	110	1.11e-07	45.1
7_1	7_27	39.706	68	36	2	453	517	30	95	1.82e-07	42.7
7_1	7_4	37.500	56	33	1	463	516	245	300	1.30e-06	42.0
7_1	7_11	42.857	28	14	1	495	520	808	835	3.11e-06	41.6
7_1	7_34	45.455	44	24	0	466	509	156	199	3.61e-06	40.4
7_1	7_25	37.288	59	36	1	463	520	107	165	1.18e-05	38.1
7_1	7_18	42.000	50	29	0	461	510	110	159	5.28e-05	36.6
7_1	7_26	50.000	28	14	0	482	509	112	139	7.10e-05	36.2
7_2	7_2	100.000	776	0	0	1	776	1	776	0.0	1449
7_2	7_6	58.389	298	54	11	549	776	250	547	2.19e-48	176
7_2	7_6	51.883	239	75	4	562	776	233	455	3.97e-37	141
7_2	7_6	56.466	232	67	7	549	748	392	621	1.62e-28	114
7_2	7_6	31.920	448	177	16	16	445	97	434	3.90e-24	100
7_2	7_6	59.574	47	19	0	131	177	49	95	2.94e-15	71.2
7_2	7_6	36.232	276	91	11	228	438	360	615	1.77e-11	58.9
7_2	7_6	40.645	155	29	4	541	644	479	621	8.45e-08	47.0
7_2	7_11	52.459	244	93	9	550	776	541	778	4.35e-36	138
7_2	7_11	41.730	393	167	13	367	742	455	802	2.28e-35	135
7_2	7_11	50.566	265	92	12	550	775	106	370	4.71e-35	135
7_2	7_11	51.230	244	84	9	549	773	568	795	7.94e-35	134
7_2	7_11	41.964	336	130	17	477	775	24	331	6.71e-33	128
7_2	7_11	34.295	624	274	25	238	776	86	658	1.63e-32	127
7_2	7_11	50.442	226	93	7	564	776	528	747	7.30e-32	124
7_2	7_11	38.756	209	92	10	230	436	579	753	1.25e-11	59.7
7_2	7_11	35.507	138	61	5	308	444	81	191	2.45e-06	42.4
7_2	7_28	43.137	102	53	2	76	177	144	240	9.93e-22	90.9
7_2	7_47	43.478	92	40	3	88	179	102	181	3.20e-18	79.7
7_2	7_43	48.750	80	35	2	98	177	364	437	8.65e-18	78.6
7_2	7_43	59.756	82	26	3	620	700	13	88	6.90e-13	63.2
7_2	7_43	55.128	78	26	2	659	730	12	86	1.43e-11	58.9
7_2	7_43	49.438	89	30	2	676	764	13	86	2.51e-11	58.2
7_2	7_43	55.172	87	35	3	362	445	17	102	2.71e-10	54.7
7_2	7_43	55.405	74	22	3	714	776	9	82	1.32e-09	52.4
7_2	7_32	65.957	47	16	0	131	177	74	120	3.42e-16	73.2
7_2	7_21	58.824	51	21	0	127	177	299	349	1.85e-15	71.2
7_2	7_38	52.991	117	25	6	561	652	89	200	3.12e-13	63.9
7_2	7_38	50.562	89	28	4	338	414	112	196	2.32e-06	42.0
7_2	7_1	63.889	36	13	0	142	177	462	497	1.54e-11	58.9
7_2	7_39	32.800	125	71	3	128	252	121	232	2.73e-08	47.0
7_2	7_39	55.882	34	15	0	561	594	200	233	5.05e-05	37.0
7_2	7_39	61.290	31	12	0	556	586	203	233	5.38e-05	37.0
7_2	7_39	61.765	34	13	0	565	598	200	233	1.75e-04	35.4
7_2	7_39	55.882	34	15	0	609	642	200	233	3.81e-04	34.3
7_2	7_39	94.737	19	1	0	364	382	213	231	4.63e-04	33.9
7_2	7_39	61.765	34	13	0	585	618	200	233	5.25e-04	33.9
7_2	7_49	51.064	47	23	0	131	177	99	145	4.75e-08	47.4
7_2	7_40	32.800	125	71	3	128	252	113	224	5.19e-08	46.2
7_2	7_40	55.882	34	15	0	561	594	192	225	4.63e-05	37.0
7_2	7_40	61.290	31	12	0	556	586	195	225	4.63e-05	37.0
7_2	7_40	61.765	34	13	0	565	598	192	225	1.75e-04	35.4
7_2	7_40	55.882	34	15	0	609	642	192	225	3.48e-04	34.3
7_2	7_40	100.000	18	0	0	365	382	206	223	4.36e-04	33.9
7_2	7_40	61.765	34	13	0	585	618	192	225	5.21e-04	33.9
7_2	7_35	57.143	28	12	0	150	177	16	43	1.43e-07	44.7
7_2	7_34	26.087	115	79	3	101	215	113	221	6.82e-07	43.1
7_2	7_46	40.351	57	32	1	123	177	43	99	8.26e-07	42.0
7_2	7_46	53.659	41	19	0	222	262	1	41	3.63e-04	34.3
7_2	7_46	94.737	19	1	0	364	382	12	30	3.77e-04	34.3
7_2	7_46	89.474	19	2	0	570	588	12	30	0.001	32.7
7_2	7_12	61.905	42	12	1	363	404	1	38	1.68e-06	41.6
7_2	7_12	57.143	49	17	1	606	654	2	46	1.98e-06	41.2
7_2	7_12	48.148	54	24	1	363	412	5	58	3.84e-06	40.4
7_2	7_12	56.410	39	17	0	569	607	1	39	4.68e-06	40.0
7_2	7_12	51.282	39	19	0	589	627	1	39	8.90e-06	39.3
7_2	7_12	44.000	50	28	0	128	177	87	136	1.39e-05	38.5
7_2	7_12	51.111	45	18	1	710	750	2	46	6.03e-05	36.6
7_2	7_12	50.000	38	19	0	598	635	2	39	7.89e-05	36.2
7_2	7_12	42.593	54	23	1	693	746	1	46	1.19e-04	35.8
7_2	7_12	51.163	43	21	0	621	663	5	47	1.36e-04	35.4
7_2	7_12	58.824	34	14	0	678	711	6	39	1.68e-04	35.4
7_2	7_12	52.632	38	18	0	578	615	2	39	1.99e-04	35.0
7_2	7_12	48.000	50	23	2	236	285	5	51	3.11e-04	34.7
7_2	7_12	54.286	35	16	0	565	599	5	39	3.26e-04	34.3
7_2	7_12	61.538	39	11	1	372	410	2	36	6.04e-04	33.5
7_2	7_12	47.368	38	20	0	566	603	2	39	6.26e-04	33.5
7_2	7_12	52.083	48	21	1	626	673	2	47	7.03e-04	33.5
7_2	7_25	58.333	36	15	0	587	622	4	39	7.85e-06	38.9
7_2	7_25	73.077	26	7	0	567	592	4	29	3.08e-05	37.0
7_2	7_25	78.261	23	5	0	623	645	8	30	4.77e-05	36.6
7_2	7_25	81.818	22	4	0	361	382	8	29	1.16e-04	35.4
7_2	7_25	72.000	25	7	0	564	588	9	33	1.65e-04	35.0
7_2	7_25	48.718	39	20	0	623	661	4	42	2.72e-04	34.3
7_2	7_25	94.444	18	1	0	235	252	9	26	3.21e-04	33.9
7_2	7_25	78.261	23	5	0	719	741	8	30	5.19e-04	33.5
7_2	7_25	58.621	29	12	0	746	774	1	29	6.18e-04	33.1
7_2	7_25	59.259	27	11	0	362	388	13	39	7.36e-04	33.1
7_2	7_4	41.176	51	30	0	127	177	229	279	7.95e-06	40.0
7_2	7_19	89.474	19	2	0	367	385	25	43	1.08e-05	38.9
7_2	7_19	84.211	19	3	0	601	619	25	43	1.65e-05	38.5
7_2	7_19	100.000	17	0	0	236	252	25	41	1.89e-05	38.1
7_2	7_19	60.714	28	11	0	625	652	25	52	1.99e-05	38.1
7_2	7_19	80.000	20	4	0	363	382	25	44	2.18e-05	38.1
7_2	7_19	84.211	19	3	0	713	731	25	43	2.22e-05	38.1
7_2	7_19	39.216	51	31	0	127	177	70	120	2.54e-05	37.7
7_2	7_19	88.889	18	2	0	569	586	25	42	3.68e-05	37.4
7_2	7_19	75.000	20	5	0	565	584	25	44	4.79e-05	37.0
7_2	7_19	75.000	20	5	0	573	592	25	44	4.79e-05	37.0
7_2	7_19	75.000	20	5	0	577	596	25	44	4.79e-05	37.0
7_2	7_19	75.000	20	5	0	581	600	25	44	4.79e-05	37.0
7_2	7_19	75.000	20	5	0	585	604	25	44	4.79e-05	37.0
7_2	7_19	75.000	24	6	0	414	437	18	41	5.89e-05	36.6
7_2	7_19	83.333	18	3	0	589	606	25	42	9.59e-05	36.2
7_2	7_19	73.913	23	6	0	233	255	26	48	1.07e-04	35.8
7_2	7_19	60.714	28	11	0	721	748	25	52	1.46e-04	35.4
7_2	7_19	70.000	20	6	0	621	640	25	44	1.50e-04	35.4
7_2	7_19	70.000	20	6	0	681	700	25	44	2.03e-04	35.0
7_2	7_19	77.778	27	1	2	751	776	20	42	2.14e-04	35.0
7_2	7_19	75.000	24	2	1	609	632	25	44	2.54e-04	34.7
7_2	7_19	75.000	24	2	1	665	688	25	44	2.54e-04	34.7
7_2	7_19	77.778	18	4	0	685	702	25	42	3.41e-04	34.3
7_2	7_19	72.000	25	6	1	741	765	20	43	3.44e-04	34.3
7_2	7_19	81.818	22	0	1	371	392	25	42	4.27e-04	33.9
7_2	7_19	81.818	22	0	1	613	634	25	42	4.27e-04	33.9
7_2	7_19	81.818	22	0	1	669	690	25	42	4.27e-04	33.9
7_2	7_19	77.778	18	4	0	677	694	25	42	4.27e-04	33.9
7_2	7_19	78.947	19	4	0	387	405	25	43	4.75e-04	33.9
7_2	7_19	70.000	20	6	0	228	247	25	44	0.001	33.1
7_2	7_18	41.304	46	27	0	131	176	100	145	1.61e-05	38.5
7_2	7_31	26.761	71	49	1	128	198	49	116	1.43e-04	35.8
7_2	7_30	35.417	48	31	0	128	175	75	122	1.55e-04	35.4
7_2	7_36	51.852	54	23	1	593	643	149	202	2.99e-04	34.3
7_2	7_27	34.043	47	31	0	131	177	26	72	3.13e-04	33.9
7_3	7_3	100.000	195	0	0	1	195	1	195	1.85e-142	387
7_3	7_4	69.474	95	29	0	92	186	219	313	1.36e-46	148
7_3	7_31	43.662	71	33	1	108	171	54	124	4.13e-14	61.2
7_3	7_12	31.818	154	86	5	32	171	3	151	6.54e-14	60.1
7_3	7_49	41.975	81	38	1	84	164	86	157	6.91e-14	61.2
7_3	7_46	30.065	153	67	6	29	180	10	123	3.62e-13	57.4
7_3	7_5	51.923	52	25	0	113	164	321	372	6.55e-13	58.2
7_3	7_38	39.130	69	36	1	96	164	8	70	8.06e-13	57.8
7_3	7_32	39.344	61	37	0	107	167	75	135	2.54e-12	56.6
7_3	7_6	37.838	74	43	1	94	164	34	107	4.35e-12	55.8
7_3	7_27	40.000	60	36	0	108	167	28	87	5.46e-12	53.5
7_3	7_25	30.263	152	79	5	31	164	11	153	1.42e-10	50.1
7_3	7_18	41.379	58	34	0	108	165	102	159	1.58e-10	50.4
7_3	7_1	39.394	66	36	2	110	173	453	516	2.27e-10	50.8
7_3	7_21	36.000	75	43	1	90	164	292	361	2.64e-10	50.4
7_3	7_42	34.783	69	42	1	102	167	73	141	3.63e-10	49.7
7_3	7_26	47.059	51	27	0	114	164	89	139	6.19e-10	48.5
7_3	7_34	40.323	62	37	0	103	164	138	199	8.97e-10	48.5
7_3	7_37	34.568	81	47	1	111	191	72	146	1.31e-09	47.8
7_3	7_35	36.957	46	29	0	125	170	16	61	2.92e-07	40.8
7_3	7_19	27.407	135	71	3	31	165	26	133	1.92e-06	38.5
7_3	7_0	30.986	71	42	1	95	165	428	491	3.49e-06	38.1
7_3	7_36	36.364	55	35	0	111	165	2	56	5.19e-06	37.4
7_3	7_43	40.351	57	30	1	104	160	389	441	6.32e-06	37.4
7_3	7_47	34.426	61	37	1	98	155	122	182	1.13e-05	36.6
7_3	7_39	30.303	66	43	1	88	150	103	168	1.21e-05	36.2
7_3	7_40	39.535	43	26	0	108	150	118	160	1.40e-05	36.2
7_3	7_30	40.351	57	28	1	108	164	80	130	3.99e-05	34.7
7_3	7_11	57.143	21	9	0	150	170	808	828	5.60e-05	34.7
7_3	7_17	35.556	45	28	1	93	137	29	72	8.58e-05	33.9
7_3	7_15	30.159	63	44	0	102	164	994	1056	4.63e-04	32.0
7_3	7_16	30.159	63	44	0	102	164	1012	1074	5.21e-04	32.0
7_3	7_28	36.957	46	29	0	107	152	195	240	5.90e-04	31.6
7_4	7_4	100.000	316	0	0	1	316	1	316	0.0	644
7_4	7_3	69.474	95	29	0	219	313	92	186	3.50e-46	147
7_4	7_12	54.386	57	26	0	235	291	92	148	4.63e-15	65.1
7_4	7_46	40.000	80	42	2	228	307	50	123	1.25e-14	63.5
7_4	7_31	47.826	69	33	1	226	291	42	110	4.63e-14	63.2
7_4	7_49	45.000	60	33	0	235	294	101	160	5.68e-14	63.9
7_4	7_5	52.830	53	25	0	240	292	321	373	6.52e-13	60.5
7_4	7_27	38.095	63	39	0	232	294	25	87	7.33e-13	57.4
7_4	7_18	43.860	57	32	0	235	291	102	158	3.23e-12	57.0
7_4	7_34	43.860	57	32	0	235	291	143	199	5.88e-12	57.0
7_4	7_26	46.154	52	28	0	240	291	88	139	1.01e-11	55.5
7_4	7_21	43.103	58	33	0	234	291	304	361	1.35e-11	56.6
7_4	7_32	35.211	71	41	1	224	294	70	135	1.88e-10	52.8
7_4	7_37	41.509	53	31	0	238	290	72	124	5.49e-10	50.4
7_4	7_6	37.879	66	41	0	226	291	42	107	6.70e-10	51.6
7_4	7_42	41.379	58	34	0	235	292	79	136	1.20e-09	50.1
7_4	7_38	38.462	65	38	1	230	292	7	71	3.46e-09	48.9
7_4	7_25	37.288	59	37	0	235	293	97	155	6.89e-09	46.2
7_4	7_19	36.667	60	38	0	232	291	73	132	3.68e-08	44.7
7_4	7_1	37.500	56	33	1	245	300	463	516	5.64e-08	45.4
7_4	7_30	37.931	58	30	1	235	292	80	131	7.92e-07	40.8
7_4	7_36	41.818	55	30	2	238	291	2	55	1.17e-06	40.0
7_4	7_39	29.114	79	52	1	224	298	115	193	1.27e-06	40.4
7_4	7_2	41.176	51	30	0	229	279	127	177	1.36e-06	41.2
7_4	7_40	29.114	79	52	1	224	298	107	185	1.69e-06	40.0
7_4	7_0	31.148	61	41	1	231	290	429	489	2.19e-06	40.4
7_4	7_35	34.783	46	30	0	252	297	16	61	6.75e-06	38.1
7_4	7_45	30.769	65	44	1	228	291	524	588	1.11e-05	38.5
7_4	7_43	42.857	56	28	1	232	287	390	441	2.75e-05	37.0
7_4	7_47	35.714	56	36	0	227	282	127	182	8.90e-05	35.0
7_4	7_17	50.000	30	15	0	235	264	43	72	2.64e-04	33.9
7_4	7_29	30.137	73	49	1	216	286	98	170	3.12e-04	32.7
7_5	7_5	100.000	420	0	0	1	420	1	420	0.0	828
7_5	7_12	45.794	107	47	3	277	377	52	153	7.13e-21	82.8
7_5	7_12	55.882	34	15	0	166	199	5	38	7.94e-05	35.4
7_5	7_27	52.308	65	31	0	311	375	23	87	3.65e-19	75.9
7_5	7_46	47.500	80	37	1	301	375	35	114	4.39e-19	77.0
7_5	7_46	89.474	19	2	0	163	181	12	30	2.65e-04	33.5
7_5	7_46	94.118	17	1	0	167	183	12	28	4.96e-04	32.7
7_5	7_49	54.839	62	28	0	314	375	99	160	1.03e-17	76.6
7_5	7_38	51.613	62	30	0	313	374	11	72	1.37e-17	75.9
7_5	7_31	43.678	87	41	1	301	387	47	125	4.03e-17	73.2
7_5	7_26	33.103	145	60	4	267	382	19	155	2.08e-16	69.7
7_5	7_32	43.478	69	39	0	304	372	64	132	4.87e-16	71.2
7_5	7_18	48.611	72	33	1	314	381	100	171	1.24e-15	67.4
7_5	7_34	36.190	105	58	2	275	374	101	201	1.37e-15	68.6
7_5	7_3	44.776	67	37	0	306	372	98	164	2.12e-15	66.2
7_5	7_6	42.857	77	43	1	310	385	45	121	2.13e-15	70.1
7_5	7_6	40.870	115	44	6	79	182	227	328	4.50e-05	37.0
7_5	7_6	34.884	172	66	8	37	182	346	497	1.55e-04	35.4
7_5	7_6	41.026	78	34	3	108	182	308	376	0.001	32.7
7_5	7_4	53.448	58	27	0	316	373	235	292	7.90e-15	66.6
7_5	7_25	37.647	85	49	1	305	385	86	170	2.42e-13	59.7
7_5	7_25	85.714	21	3	0	161	181	9	29	1.36e-05	37.4
7_5	7_25	94.444	18	1	0	165	182	9	26	5.85e-05	35.4
7_5	7_25	64.286	28	10	0	161	188	13	40	1.29e-04	34.3
7_5	7_37	48.438	64	30	1	314	374	64	127	3.79e-13	60.1
7_5	7_21	48.214	56	29	0	317	372	306	361	1.46e-12	60.5
7_5	7_1	31.183	93	55	2	324	407	461	553	1.01e-11	58.2
7_5	7_30	39.437	71	37	1	307	377	71	135	1.28e-09	49.7
7_5	7_47	35.135	74	45	1	293	363	109	182	4.84e-09	49.3
7_5	7_40	32.000	75	49	1	284	358	88	160	1.26e-08	47.0
7_5	7_40	44.681	47	26	0	141	187	179	225	6.78e-05	35.4
7_5	7_35	32.075	53	36	0	333	385	16	68	1.36e-08	46.6
7_5	7_28	30.841	107	60	2	257	360	145	240	2.56e-08	47.0
7_5	7_42	31.707	82	47	1	315	387	78	159	2.78e-08	46.6
7_5	7_39	37.736	53	31	1	306	358	118	168	3.43e-07	42.7
7_5	7_39	44.681	47	26	0	141	187	187	233	6.54e-05	35.8
7_5	7_7	37.288	59	37	0	316	374	487	545	4.33e-07	43.5
7_5	7_0	31.429	70	46	1	304	373	424	491	1.17e-06	42.0
7_5	7_11	38.667	150	58	8	39	187	678	794	1.91e-06	41.6
7_5	7_11	86.667	15	2	0	358	372	808	822	4.14e-06	40.4
7_5	7_11	31.343	67	36	2	271	336	18	75	2.05e-05	38.1
7_5	7_11	39.316	117	50	5	95	191	71	186	2.07e-04	35.0
7_5	7_11	34.746	118	54	5	97	194	619	733	2.66e-04	34.7
7_5	7_2	48.958	96	33	5	99	189	612	696	1.09e-05	38.9
7_5	7_2	83.333	24	4	0	163	186	233	256	2.72e-04	34.3
7_5	7_2	40.816	98	42	4	108	197	363	452	3.21e-04	34.3
7_5	7_2	62.162	37	11	1	161	194	572	608	3.35e-04	34.3
7_5	7_2	45.783	83	21	4	108	187	561	622	7.66e-04	33.1
7_5	7_17	45.000	40	22	0	306	345	33	72	1.84e-05	38.1
7_5	7_19	85.000	20	3	0	164	183	23	42	2.30e-05	37.0
7_5	7_19	62.069	29	11	0	153	181	16	44	2.76e-05	36.6
7_5	7_19	29.333	75	51	1	314	386	74	148	2.44e-04	33.9
7_5	7_36	33.333	54	36	0	319	372	2	55	3.39e-05	36.2
7_5	7_43	68.000	25	8	0	161	185	68	92	2.30e-04	34.7
7_5	7_43	90.000	20	2	0	161	180	17	36	2.86e-04	34.3
7_5	7_29	25.275	91	65	1	277	367	83	170	2.74e-04	33.5
7_6	7_6	100.000	1109	0	0	1	1109	1	1109	0.0	2110
7_6	7_11	42.982	456	195	21	240	649	409	845	2.04e-44	166
7_6	7_11	41.336	479	206	15	235	648	357	825	7.49e-44	164
7_6	7_11	40.994	483	204	21	149	620	15	427	9.72e-43	161
7_6	7_11	49.130	230	72	10	436	621	86	314	2.78e-23	98.2
7_6	7_11	25.556	90	63	3	93	180	808	895	8.94e-08	47.8
7_6	7_2	58.389	298	54	11	250	547	549	776	2.34e-40	152
7_6	7_2	56.641	256	73	7	315	563	552	776	6.93e-40	150
7_6	7_2	56.705	261	81	8	354	607	541	776	1.63e-37	143
7_6	7_2	54.043	235	76	5	233	455	562	776	9.42e-37	140
7_6	7_2	54.150	253	68	9	392	628	549	769	7.37e-33	128
7_6	7_2	53.793	145	45	4	227	369	652	776	1.87e-15	72.4
7_6	7_2	59.574	47	19	0	49	95	131	177	2.86e-15	72.0
7_6	7_2	51.754	114	35	3	522	621	537	644	2.91e-13	65.5
7_6	7_2	57.143	91	25	3	333	419	364	444	5.50e-11	57.8
7_6	7_2	52.632	114	24	4	270	383	361	444	4.59e-10	55.1
7_6	7_2	56.818	88	28	2	528	615	361	438	1.60e-09	53.1
7_6	7_2	54.839	93	28	3	263	355	366	444	9.02e-09	50.8
7_6	7_2	64.000	50	14	1	573	618	362	411	5.48e-07	45.1
7_6	7_2	52.239	67	6	2	240	280	371	437	4.59e-05	38.5
7_6	7_32	58.333	72	30	0	37	108	62	133	2.60e-24	99.0
7_6	7_1	33.803	142	86	3	59	192	461	602	1.59e-21	91.7
7_6	7_35	57.143	56	23	1	69	124	17	71	1.03e-18	78.2
7_6	7_21	44.578	83	38	1	40	114	286	368	5.28e-17	77.0
7_6	7_47	53.226	62	29	0	37	98	121	182	1.69e-16	75.1
7_6	7_38	34.597	211	117	8	145	345	1	200	6.52e-16	72.8
7_6	7_38	44.898	147	46	5	470	614	74	187	4.64e-13	63.9
7_6	7_38	48.438	128	38	5	460	583	97	200	1.87e-12	62.0
7_6	7_38	37.097	62	39	0	49	110	12	73	2.24e-12	61.6
7_6	7_38	55.469	128	42	7	345	472	74	186	8.31e-12	60.1
7_6	7_38	45.000	120	24	5	264	357	89	192	1.08e-09	53.1
7_6	7_38	52.381	126	37	6	390	510	89	196	1.11e-09	53.1
7_6	7_12	45.312	64	35	0	49	112	90	153	8.40e-15	67.0
7_6	7_12	63.889	36	13	0	298	333	3	38	1.82e-07	45.1
7_6	7_12	41.096	73	40	2	575	644	2	74	1.96e-07	44.7
7_6	7_12	61.538	39	11	1	309	347	2	36	8.58e-06	39.7
7_6	7_12	63.043	46	14	2	485	528	5	49	5.07e-05	37.4
7_6	7_12	71.429	35	6	1	240	270	5	39	8.24e-05	37.0
7_6	7_12	41.935	62	20	1	272	333	1	46	1.77e-04	35.8
7_6	7_12	62.857	35	13	0	414	448	5	39	2.09e-04	35.4
7_6	7_12	48.837	43	14	1	518	560	5	39	2.48e-04	35.4
7_6	7_12	62.857	35	13	0	457	491	5	39	2.69e-04	35.4
7_6	7_12	47.917	48	21	1	249	296	2	45	3.10e-04	35.0
7_6	7_12	51.020	49	21	1	431	479	2	47	4.99e-04	34.3
7_6	7_28	62.000	50	19	0	46	95	191	240	1.75e-14	68.6
7_6	7_43	61.000	100	17	5	355	448	9	92	2.30e-14	68.6
7_6	7_43	63.095	84	18	3	321	401	15	88	3.36e-14	68.2
7_6	7_43	60.870	46	18	0	50	95	392	437	2.05e-13	65.5
7_6	7_43	64.474	76	24	2	241	315	15	88	2.62e-13	65.1
7_6	7_43	65.385	52	14	2	240	290	44	92	7.28e-08	47.4
7_6	7_43	56.897	58	22	2	573	627	17	74	2.63e-06	42.4
7_6	7_43	41.429	140	38	6	480	603	9	120	1.88e-05	39.7
7_6	7_19	29.193	161	73	4	37	195	62	183	7.23e-13	60.8
7_6	7_19	86.364	22	3	0	452	473	20	41	9.13e-05	36.6
7_6	7_19	100.000	18	0	0	240	257	25	42	1.50e-04	35.8
7_6	7_19	62.963	27	10	0	360	386	25	51	4.48e-04	34.7
7_6	7_19	100.000	17	0	0	434	450	25	41	4.52e-04	34.7
7_6	7_31	43.750	64	36	0	49	112	52	115	7.96e-13	62.0
7_6	7_27	32.877	73	49	0	49	121	26	98	1.01e-12	58.9
7_6	7_18	41.096	73	40	1	44	113	92	164	1.24e-12	60.1
7_6	7_46	39.344	61	37	0	48	108	52	112	1.49e-12	59.7
7_6	7_46	60.000	30	12	0	443	472	1	30	6.08e-04	33.9
7_6	7_46	100.000	18	0	0	241	258	12	29	7.41e-04	33.9
7_6	7_49	40.206	97	44	4	48	142	98	182	3.16e-12	61.6
7_6	7_36	43.077	65	35	1	54	118	2	64	9.62e-12	57.4
7_6	7_36	50.000	56	28	0	412	467	147	202	4.95e-05	37.4
7_6	7_36	49.091	55	26	2	438	491	149	202	1.58e-04	35.8
7_6	7_3	37.838	74	43	1	34	107	94	164	1.73e-11	56.6
7_6	7_42	31.683	101	59	2	51	142	79	178	4.28e-10	53.9
7_6	7_34	32.812	64	43	0	47	110	139	202	5.27e-10	53.5
7_6	7_4	41.379	58	34	0	50	107	234	291	1.04e-09	52.8
7_6	7_30	31.683	101	61	2	41	141	70	162	1.23e-09	51.2
7_6	7_5	40.909	66	38	1	56	121	321	385	2.25e-09	52.0
7_6	7_37	33.333	66	44	0	45	110	63	128	4.96e-09	49.7
7_6	7_25	32.530	83	52	2	45	123	90	172	7.74e-09	48.1
7_6	7_25	49.091	55	16	1	463	517	4	46	2.02e-05	38.1
7_6	7_25	67.647	34	7	1	420	453	4	33	2.36e-05	37.7
7_6	7_25	44.828	58	28	1	302	359	4	57	6.33e-05	36.6
7_6	7_25	100.000	19	0	0	240	258	10	28	1.09e-04	35.8
7_6	7_25	43.333	60	23	2	581	640	1	49	1.47e-04	35.4
7_6	7_25	85.714	21	3	0	456	476	9	29	3.35e-04	34.7
7_6	7_25	76.923	26	2	1	416	441	8	29	8.41e-04	33.1
7_6	7_29	35.593	59	38	0	44	102	112	170	1.39e-08	47.8
7_6	7_26	34.545	55	36	0	57	111	89	143	2.00e-06	41.6
7_6	7_14	25.000	104	72	2	50	152	193	291	1.25e-05	40.4
7_6	7_0	32.203	59	40	0	49	107	432	490	4.18e-05	38.5
7_6	7_22	24.545	110	57	3	51	136	94	201	5.79e-05	37.7
7_6	7_40	63.158	38	10	1	570	607	192	225	1.16e-04	36.2
7_6	7_40	60.000	35	12	1	343	377	193	225	3.97e-04	34.7
7_6	7_40	60.606	33	13	0	418	450	192	224	4.58e-04	34.7
7_6	7_40	66.667	33	9	1	468	500	193	223	5.73e-04	34.3
7_6	7_40	94.444	18	1	0	456	473	207	224	8.18e-04	33.9
7_6	7_40	64.865	37	7	2	311	345	193	225	8.71e-04	33.5
7_6	7_40	94.444	18	1	0	240	257	208	225	0.001	33.5
7_6	7_39	63.158	38	10	1	570	607	200	233	1.26e-04	36.2
7_6	7_39	60.000	35	12	1	343	377	201	233	4.42e-04	34.7
7_6	7_39	60.606	33	13	0	418	450	200	232	4.50e-04	34.7
7_6	7_39	66.667	33	9	1	468	500	201	231	6.43e-04	34.3
7_6	7_39	94.444	18	1	0	456	473	215	232	8.78e-04	33.9
7_6	7_7	29.032	62	38	2	49	107	485	543	1.84e-04	36.6
7_6	7_45	31.343	67	40	2	49	112	530	593	2.14e-04	36.6
7_7	7_7	100.000	730	0	0	1	730	1	730	0.0	1451
7_7	7_0	39.744	156	85	2	391	542	339	489	7.89e-34	127
7_7	7_27	39.130	69	42	0	475	543	16	84	9.89e-08	43.9
7_7	7_21	28.977	176	102	8	485	656	303	459	1.27e-07	46.2
7_7	7_12	36.111	72	46	0	484	555	89	160	8.42e-07	42.4
7_7	7_42	35.484	62	40	0	484	545	76	137	1.04e-06	42.4
7_7	7_34	37.931	58	36	0	486	543	142	199	1.01e-05	39.3
7_7	7_31	35.088	57	37	0	487	543	54	110	1.18e-05	39.3
7_7	7_45	25.397	63	47	0	481	543	526	588	1.29e-05	39.7
7_7	7_25	30.508	59	41	0	487	545	97	155	4.10e-05	36.6
7_7	7_46	36.842	57	36	0	487	543	55	111	6.20e-05	36.2
7_7	7_49	34.483	58	38	0	487	544	101	158	7.42e-05	37.0
7_7	7_18	35.593	59	38	0	485	543	100	158	1.11e-04	35.8
7_7	7_6	29.032	62	38	2	485	543	49	107	2.63e-04	35.4
7_7	7_5	38.298	47	29	0	499	545	328	374	2.84e-04	35.0
7_7	7_26	35.714	84	54	0	460	543	56	139	2.99e-04	34.3
7_8	7_8	100.000	1190	0	0	1	1190	1	1190	0.0	2118
7_8	7_9	97.899	1190	18	2	1	1190	1	1183	0.0	2055
7_8	7_6	21.474	312	204	8	584	865	247	547	6.80e-13	64.3
7_8	7_6	22.028	286	207	10	645	927	240	512	2.90e-11	58.9
7_8	7_6	22.711	273	195	9	445	706	237	504	2.58e-09	52.8
7_8	7_6	21.528	432	267	16	316	694	137	549	3.95e-06	42.4
7_8	7_6	21.941	237	161	6	421	642	324	551	9.34e-05	37.7
7_8	7_11	21.569	204	147	4	599	789	73	276	1.62e-12	63.2
7_8	7_24	50.000	44	20	1	939	980	15	58	2.32e-09	51.2
7_8	7_14	32.584	89	46	1	939	1027	215	289	1.46e-07	46.6
7_8	7_13	41.667	60	17	2	940	995	41	86	6.20e-07	44.3
7_8	7_44	51.613	31	15	0	937	967	143	173	6.95e-05	37.0
7_8	7_2	27.358	212	139	7	465	664	556	764	7.61e-05	38.1
7_8	7_2	25.941	239	159	6	542	768	544	776	9.09e-05	37.7
7_8	7_2	22.553	235	166	4	636	858	546	776	5.01e-04	35.4
7_8	7_28	34.450	209	125	5	590	791	264	467	1.47e-04	37.0
7_9	7_9	100.000	1183	0	0	1	1183	1	1183	0.0	2105
7_9	7_8	97.899	1190	18	2	1	1183	1	1190	0.0	2055
7_9	7_6	21.474	312	204	8	577	858	247	547	3.63e-13	65.5
7_9	7_6	22.028	286	207	10	638	920	240	512	1.41e-11	60.1
7_9	7_6	22.711	273	195	9	438	699	237	504	1.39e-09	53.5
7_9	7_6	22.266	256	176	7	447	687	302	549	4.60e-06	42.0
7_9	7_6	21.941	237	161	6	414	635	324	551	5.68e-05	38.5
7_9	7_6	21.805	266	172	11	414	669	308	547	1.52e-04	37.0
7_9	7_11	21.569	204	147	4	592	782	73	276	1.71e-12	63.2
7_9	7_24	50.000	44	20	1	932	973	15	58	2.35e-09	51.2
7_9	7_14	32.584	89	46	1	932	1020	215	289	1.12e-07	47.0
7_9	7_13	41.667	60	17	2	933	988	41	86	5.85e-07	44.7
7_9	7_44	51.613	31	15	0	930	960	143	173	6.78e-05	37.0
7_9	7_2	26.512	215	137	6	458	657	556	764	7.69e-05	38.1
7_9	7_2	25.941	239	159	6	535	761	544	776	8.73e-05	37.7
7_9	7_2	22.553	235	166	4	629	851	546	776	4.38e-04	35.4
7_9	7_28	34.450	209	125	5	583	784	264	467	2.20e-04	36.2
7_10	7_10	100.000	410	0	0	1	410	1	410	0.0	842
7_10	7_13	78.261	46	10	0	1	46	50	95	2.36e-19	81.3
7_10	7_14	52.222	90	28	3	1	89	225	300	1.86e-18	79.0
7_10	7_24	75.000	24	6	0	2	25	26	49	1.13e-06	41.2
7_10	7_9	56.522	23	10	0	2	24	943	965	4.83e-04	33.5
7_10	7_8	56.522	23	10	0	2	24	950	972	4.87e-04	33.5
7_11	7_11	100.000	1242	0	0	1	1242	1	1242	0.0	2344
7_11	7_6	42.105	437	188	15	357	771	235	628	2.51e-42	160
7_11	7_6	43.434	396	115	14	498	801	240	618	3.05e-42	159
7_11	7_6	44.118	408	183	19	76	466	234	613	1.24e-41	157
7_11	7_6	45.750	400	134	19	432	776	242	613	9.40e-39	148
7_11	7_6	43.296	358	127	12	86	381	274	617	1.27e-38	148
7_11	7_6	50.538	279	108	9	550	804	240	512	1.15e-37	145
7_11	7_6	47.735	287	99	11	81	342	357	617	9.21e-33	129
7_11	7_6	53.191	188	57	6	633	807	243	412	1.41e-29	119
7_11	7_6	51.145	131	41	2	694	807	234	358	1.39e-18	83.2
7_11	7_6	25.806	93	59	3	808	895	93	180	4.15e-08	48.9
7_11	7_2	48.047	256	84	9	542	778	551	776	1.78e-33	130
7_11	7_2	51.770	226	64	5	610	795	549	769	1.35e-32	127
7_11	7_2	39.710	345	125	17	24	331	477	775	8.86e-30	119
7_11	7_2	47.881	236	94	8	523	747	559	776	2.92e-27	110
7_11	7_2	39.209	278	109	12	237	502	546	775	2.55e-21	91.7
7_11	7_2	56.557	122	34	3	702	804	549	670	1.58e-19	85.9
7_11	7_2	36.047	258	130	9	284	540	551	774	6.79e-17	77.4
7_11	7_2	46.452	155	42	5	86	204	627	776	1.44e-16	76.3
7_11	7_2	59.722	72	13	2	698	753	365	436	6.24e-10	54.7
7_11	7_2	52.941	102	31	6	185	285	362	447	1.79e-08	50.1
7_11	7_2	42.169	83	35	3	119	191	365	444	9.95e-05	37.7
7_11	7_2	40.449	89	46	3	368	455	361	443	2.03e-04	36.6
7_11	7_43	53.763	93	32	4	717	805	17	102	2.38e-14	68.6
7_11	7_43	56.122	98	30	5	695	787	3	92	4.62e-14	67.8
7_11	7_43	56.962	79	29	2	89	167	15	88	1.05e-13	66.6
7_11	7_43	54.348	92	19	3	681	763	15	92	3.98e-13	64.7
7_11	7_43	45.946	111	38	6	138	246	2	92	7.52e-11	57.4
7_11	7_43	49.398	83	34	2	606	686	16	92	1.44e-10	56.6
7_11	7_43	53.750	80	24	3	633	707	17	88	2.50e-10	55.8
7_11	7_43	57.812	64	14	3	737	798	13	65	6.89e-08	47.8
7_11	7_43	44.545	110	20	7	191	295	15	88	9.04e-07	44.3
7_11	7_43	64.865	37	13	0	768	804	13	49	1.03e-05	40.8
7_11	7_43	42.647	68	34	2	407	469	16	83	5.14e-05	38.5
7_11	7_43	38.202	89	40	3	433	509	3	88	1.28e-04	37.4
7_11	7_38	49.593	123	29	6	685	788	84	192	6.47e-13	63.5
7_11	7_38	54.902	102	39	3	664	764	97	192	9.30e-12	60.1
7_11	7_38	36.782	174	74	6	29	177	30	192	4.13e-11	57.8
7_11	7_38	41.584	101	25	3	736	802	92	192	1.03e-06	43.9
7_11	7_38	37.288	118	42	4	233	338	89	186	2.39e-05	39.3
7_11	7_38	60.000	20	8	0	808	827	56	75	4.05e-05	38.5
7_11	7_38	39.474	114	45	5	588	691	97	196	3.03e-04	35.8
7_11	7_12	30.818	159	45	3	717	823	4	149	6.34e-11	55.5
7_11	7_12	56.818	44	14	2	86	124	3	46	2.78e-04	35.4
7_11	7_12	51.220	41	14	1	701	741	2	36	8.28e-04	33.9
7_11	7_46	32.456	114	30	2	770	836	12	125	7.58e-10	52.0
7_11	7_46	90.000	20	2	0	83	102	10	29	3.85e-04	34.7
7_11	7_26	51.429	35	17	0	789	823	106	140	6.41e-07	43.5
7_11	7_19	72.414	29	8	0	773	801	25	53	6.89e-07	43.1
7_11	7_19	85.714	21	3	0	716	736	23	43	1.61e-05	39.3
7_11	7_19	85.000	20	3	0	769	788	25	44	5.11e-05	37.7
7_11	7_19	67.857	28	5	1	730	757	25	48	1.13e-04	36.6
7_11	7_19	31.746	126	62	6	722	834	25	139	1.45e-04	36.2
7_11	7_19	100.000	16	0	0	86	101	27	42	5.59e-04	34.3
7_11	7_35	29.870	77	48	2	764	840	2	72	1.22e-06	42.7
7_11	7_27	41.071	56	32	1	808	862	70	125	2.37e-06	40.8
7_11	7_21	47.222	36	19	0	789	824	328	363	2.92e-06	42.7
7_11	7_40	67.742	31	10	0	760	790	195	225	3.25e-06	41.2
7_11	7_40	62.500	32	12	0	703	734	193	224	2.86e-05	38.5
7_11	7_40	85.000	20	3	0	775	794	206	225	5.37e-05	37.7
7_11	7_40	51.111	45	10	1	707	751	193	225	3.47e-04	35.0
7_11	7_40	94.444	18	1	0	85	102	205	222	4.49e-04	34.7
7_11	7_39	56.410	39	17	0	752	790	195	233	4.31e-06	41.2
7_11	7_39	62.500	32	12	0	703	734	201	232	3.37e-05	38.1
7_11	7_39	85.000	20	3	0	775	794	214	233	6.21e-05	37.4
7_11	7_39	51.111	45	10	1	707	751	201	233	4.12e-04	35.0
7_11	7_39	94.444	18	1	0	85	102	213	230	5.01e-04	34.7
7_11	7_25	74.074	27	4	1	766	792	6	29	7.46e-06	39.7
7_11	7_25	70.968	31	5	1	724	754	4	30	3.28e-05	37.7
7_11	7_25	52.381	42	14	1	698	739	4	39	8.85e-05	36.2
7_11	7_25	64.000	25	9	0	771	795	4	28	1.14e-04	36.2
7_11	7_25	53.125	32	12	1	808	836	139	170	1.28e-04	35.8
7_11	7_25	70.000	30	6	1	86	115	4	30	1.42e-04	35.8
7_11	7_25	71.429	28	4	1	757	784	6	29	1.50e-04	35.8
7_11	7_36	50.943	53	23	1	258	307	148	200	7.74e-06	40.0
7_11	7_5	68.182	22	7	0	801	822	351	372	2.59e-05	39.3
7_11	7_18	51.724	29	14	0	50	78	98	126	1.13e-04	36.6
7_11	7_37	55.172	29	10	1	808	833	111	139	1.31e-04	36.2
7_11	7_1	42.857	28	14	1	808	835	495	520	2.31e-04	36.6
7_11	7_3	57.143	21	9	0	808	828	150	170	4.51e-04	34.7
7_11	7_49	33.333	57	32	1	808	864	143	193	4.93e-04	35.4
7_11	7_34	63.636	22	8	0	802	823	179	200	6.08e-04	34.7
7_12	7_12	100.000	224	0	0	1	224	1	224	3.02e-172	465
7_12	7_46	43.624	149	37	4	2	150	12	113	6.19e-29	100
7_12	7_26	51.190	84	40	1	66	149	58	140	2.39e-19	75.5
7_12	7_25	38.125	160	73	4	2	150	11	155	4.54e-19	73.6
7_12	7_5	56.338	71	31	0	83	153	307	377	7.93e-18	73.2
7_12	7_27	48.333	60	31	0	90	149	26	85	3.39e-17	68.2
7_12	7_49	57.627	59	25	0	90	148	99	157	4.59e-17	71.2
7_12	7_34	40.385	104	55	3	48	149	102	200	2.34e-16	68.2
7_12	7_31	40.517	116	53	3	92	203	54	157	3.26e-16	67.8
7_12	7_6	44.118	68	38	0	86	153	45	112	4.05e-16	68.6
7_12	7_6	63.889	36	13	0	3	38	298	333	3.64e-08	45.1
7_12	7_6	44.615	65	33	2	10	74	583	644	1.18e-07	43.5
7_12	7_6	55.814	43	15	1	1	39	300	342	3.30e-07	42.0
7_12	7_6	61.538	39	11	1	2	36	309	347	1.50e-06	40.0
7_12	7_6	63.043	46	14	2	5	49	485	528	8.48e-06	37.7
7_12	7_6	71.429	35	6	1	5	39	240	270	1.49e-05	37.0
7_12	7_6	41.935	62	20	1	1	46	272	333	3.23e-05	35.8
7_12	7_6	62.857	35	13	0	5	39	414	448	3.60e-05	35.8
7_12	7_6	47.917	48	21	1	2	45	249	296	4.88e-05	35.4
7_12	7_6	62.857	35	13	0	5	39	457	491	5.34e-05	35.4
7_12	7_6	51.020	49	21	1	2	47	431	479	7.70e-05	34.7
7_12	7_6	47.727	44	19	1	2	41	458	501	4.92e-04	32.3
7_12	7_6	51.923	52	22	2	2	51	486	536	6.43e-04	32.0
7_12	7_6	52.632	38	16	1	2	39	361	396	6.78e-04	32.0
7_12	7_4	54.386	57	26	0	92	148	235	291	4.22e-15	64.7
7_12	7_32	48.333	60	31	0	90	149	74	133	9.97e-15	64.3
7_12	7_18	48.438	64	33	0	90	153	100	163	1.59e-14	62.0
7_12	7_37	48.387	62	29	1	89	147	63	124	1.65e-14	62.0
7_12	7_21	42.857	70	39	1	93	161	306	375	2.13e-14	63.5
7_12	7_38	53.226	62	24	1	87	148	14	70	2.47e-14	63.2
7_12	7_38	55.556	45	17	1	2	46	151	192	2.65e-06	38.9
7_12	7_38	61.765	34	3	1	5	38	171	194	5.91e-04	32.0
7_12	7_3	44.928	69	34	1	87	151	103	171	8.56e-14	59.7
7_12	7_30	49.206	63	26	1	86	148	74	130	7.19e-13	57.4
7_12	7_11	30.818	159	45	3	4	149	717	823	3.60e-12	57.0
7_12	7_11	56.818	44	14	2	3	46	86	124	7.12e-05	35.0
7_12	7_19	28.472	144	67	3	5	148	25	132	2.42e-11	53.1
7_12	7_1	46.809	47	25	0	102	148	463	509	1.42e-09	48.9
7_12	7_28	36.607	112	53	6	41	136	131	240	4.91e-09	47.4
7_12	7_40	46.939	49	26	0	86	134	112	160	1.50e-08	45.1
7_12	7_40	84.211	19	3	0	2	20	205	223	6.80e-05	34.3
7_12	7_39	46.939	49	26	0	86	134	120	168	1.60e-08	45.1
7_12	7_39	84.211	19	3	0	2	20	213	231	7.51e-05	34.3
7_12	7_35	38.095	42	26	0	109	150	16	57	5.90e-08	43.5
7_12	7_7	36.111	72	46	0	89	160	484	555	1.88e-07	42.7
7_12	7_47	35.556	90	55	2	50	139	96	182	6.09e-07	41.2
7_12	7_2	65.000	40	10	1	1	36	363	402	6.14e-07	41.2
7_12	7_2	57.143	49	17	1	2	46	606	654	9.07e-07	40.8
7_12	7_2	43.396	53	30	0	84	136	125	177	9.93e-07	40.4
7_12	7_2	48.148	54	24	1	5	58	363	412	1.43e-06	40.0
7_12	7_2	56.410	39	17	0	1	39	569	607	1.86e-06	39.7
7_12	7_2	51.282	39	19	0	1	39	589	627	3.83e-06	38.9
7_12	7_2	50.000	38	19	0	2	39	598	635	3.15e-05	35.8
7_12	7_2	51.163	43	21	0	5	47	621	663	6.06e-05	35.0
7_12	7_2	52.632	38	18	0	2	39	578	615	8.00e-05	34.7
7_12	7_2	48.000	50	23	2	5	51	236	285	1.36e-04	33.9
7_12	7_2	54.286	35	16	0	5	39	565	599	1.68e-04	33.5
7_12	7_2	61.538	39	11	1	2	36	372	410	2.08e-04	33.5
7_12	7_2	52.083	48	21	1	2	47	626	673	2.54e-04	33.1
7_12	7_2	47.368	38	20	0	2	39	566	603	2.63e-04	33.1
7_12	7_2	40.323	62	17	2	1	46	693	750	2.90e-04	33.1
7_12	7_2	42.105	38	22	0	2	39	558	595	6.58e-04	32.0
7_12	7_42	34.722	72	45	1	89	158	76	147	1.89e-06	39.3
7_12	7_43	60.000	40	11	1	2	36	45	84	5.37e-06	38.1
7_12	7_43	29.333	75	53	0	62	136	363	437	2.15e-04	33.1
7_12	7_43	58.065	31	12	1	5	34	44	74	2.57e-04	33.1
7_12	7_43	84.211	19	3	0	2	20	15	33	3.46e-04	32.7
7_12	7_17	51.220	41	18	1	82	122	35	73	7.38e-06	37.7
7_12	7_14	33.898	59	39	0	92	150	194	252	1.88e-05	36.6
7_12	7_0	32.759	58	39	0	90	147	432	489	2.78e-05	35.8
7_12	7_36	31.481	54	37	0	95	148	2	55	3.79e-05	35.0
7_12	7_36	47.059	51	8	3	5	36	149	199	7.78e-04	31.2
7_12	7_13	33.898	59	39	0	92	150	19	77	4.10e-05	35.4
7_12	7_22	30.275	109	58	4	71	161	72	180	5.09e-05	34.7
7_12	7_24	39.130	46	28	0	109	154	11	56	4.12e-04	32.0
7_12	7_16	33.898	59	39	0	91	149	1017	1075	4.18e-04	32.3
7_12	7_15	33.898	59	39	0	91	149	999	1057	4.52e-04	32.3
7_12	7_10	48.148	27	14	0	124	150	2	28	0.001	31.2
7_13	7_13	100.000	424	0	0	1	424	1	424	0.0	859
7_13	7_14	48.624	218	78	5	4	187	177	394	1.82e-51	174
7_13	7_10	100.000	33	0	0	50	82	1	33	1.85e-17	75.5
7_13	7_24	44.048	84	42	2	30	110	5	86	8.88e-16	68.9
7_13	7_9	54.286	35	16	0	41	75	933	967	8.25e-08	45.8
7_13	7_8	54.286	35	16	0	41	75	940	974	8.55e-08	45.8
7_13	7_12	33.898	59	39	0	19	77	92	150	7.41e-05	35.4
7_13	7_34	28.788	66	45	1	15	78	137	202	1.81e-04	34.7
7_13	7_44	41.860	43	22	1	26	68	134	173	2.17e-04	33.9
7_13	7_42	30.303	66	42	2	26	87	86	151	7.63e-04	32.7
7_14	7_14	100.000	591	0	0	1	591	1	591	0.0	1204
7_14	7_13	69.355	124	34	2	177	300	4	123	3.24e-51	174
7_14	7_10	42.963	135	53	5	225	343	1	127	2.39e-17	75.9
7_14	7_24	55.000	60	24	1	205	261	5	64	1.63e-15	68.6
7_14	7_9	55.882	34	15	0	215	248	932	965	8.59e-08	46.6
7_14	7_8	55.882	34	15	0	215	248	939	972	9.37e-08	46.2
7_14	7_6	24.561	114	80	2	193	300	50	163	1.86e-06	42.0
7_14	7_42	29.907	107	65	5	183	280	69	174	3.69e-06	40.4
7_14	7_25	26.374	91	59	2	184	274	90	172	1.53e-05	37.7
7_14	7_12	33.898	59	39	0	194	252	92	150	5.72e-05	36.2
7_14	7_44	41.860	43	22	1	201	243	134	173	8.60e-05	35.4
7_14	7_49	32.099	81	50	2	213	288	120	200	1.04e-04	36.2
7_14	7_32	30.508	59	41	0	193	251	75	133	4.47e-04	34.3
7_14	7_34	27.160	81	52	2	180	253	122	202	4.55e-04	33.9
7_14	7_27	40.000	40	23	1	212	251	47	85	8.79e-04	32.0
7_15	7_15	100.000	1164	0	0	1	1164	1	1164	0.0	2403
7_15	7_16	98.477	1182	0	1	1	1164	1	1182	0.0	2390
7_15	7_42	28.571	112	68	2	993	1104	72	171	5.57e-08	47.4
7_15	7_44	40.909	44	26	0	1006	1049	130	173	2.42e-05	38.1
7_15	7_31	30.120	83	52	1	980	1062	40	116	4.89e-05	38.1
7_15	7_46	30.508	59	41	0	999	1057	54	112	2.08e-04	35.4
7_15	7_45	26.316	57	42	0	1001	1057	533	589	2.44e-04	36.6
7_15	7_21	30.159	63	44	0	1001	1063	306	368	2.93e-04	35.8
7_15	7_32	36.207	58	37	0	1000	1057	76	133	3.13e-04	35.8
7_15	7_22	25.688	109	55	2	974	1056	57	165	3.20e-04	35.4
7_16	7_16	100.000	1182	0	0	1	1182	1	1182	0.0	2439
7_16	7_15	98.477	1182	0	1	1	1182	1	1164	0.0	2390
7_16	7_42	28.571	112	68	2	1011	1122	72	171	5.87e-08	47.4
7_16	7_44	40.909	44	26	0	1024	1067	130	173	2.60e-05	38.1
7_16	7_31	30.120	83	52	1	998	1080	40	116	4.76e-05	38.1
7_16	7_46	30.508	59	41	0	1017	1075	54	112	2.10e-04	35.4
7_16	7_45	26.316	57	42	0	1019	1075	533	589	2.54e-04	36.2
7_16	7_32	36.207	58	37	0	1018	1075	76	133	3.05e-04	35.8
7_16	7_21	30.159	63	44	0	1019	1081	306	368	3.16e-04	35.8
7_16	7_22	25.688	109	55	2	992	1074	57	165	3.25e-04	35.4
7_16	7_34	30.508	59	41	0	1018	1076	143	201	0.001	33.9
7_17	7_17	100.000	454	0	0	1	454	1	454	0.0	763
7_17	7_49	51.515	33	16	0	40	72	98	130	6.24e-07	42.7
7_17	7_31	48.387	31	16	0	43	73	54	84	3.64e-05	37.0
7_17	7_43	44.444	36	16	1	35	66	381	416	1.66e-04	35.0
7_17	7_2	39.394	33	20	0	34	66	124	156	2.05e-04	35.0
7_17	7_39	40.541	37	22	0	36	72	119	155	2.91e-04	33.9
7_17	7_40	40.541	37	22	0	36	72	111	147	3.25e-04	33.5
7_17	7_4	50.000	30	15	0	43	72	235	264	3.32e-04	33.9
7_17	7_30	39.024	41	23	1	35	73	70	110	3.81e-04	33.5
7_17	7_12	50.000	36	16	1	40	73	87	122	4.72e-04	33.1
7_18	7_18	100.000	216	0	0	1	216	1	216	1.11e-166	450
7_18	7_27	53.623	69	32	0	94	162	20	88	1.87e-20	76.6
7_18	7_46	60.000	60	24	0	99	158	52	111	2.89e-18	72.0
7_18	7_34	38.298	94	54	2	99	192	140	229	5.04e-16	67.0
7_18	7_38	49.333	75	36	2	96	170	8	80	4.21e-15	65.1
7_18	7_12	48.438	64	33	0	100	163	90	153	1.57e-14	62.0
7_18	7_6	41.096	73	40	1	92	164	44	113	1.72e-13	60.8
7_18	7_5	47.692	65	30	1	107	171	321	381	2.12e-13	60.1
7_18	7_37	34.234	111	71	2	98	206	65	175	1.08e-12	57.0
7_18	7_4	43.860	57	32	0	102	158	235	291	2.67e-12	56.6
7_18	7_26	49.057	53	27	0	108	160	89	141	3.31e-12	55.5
7_18	7_31	49.123	57	29	0	102	158	54	110	7.90e-12	55.1
7_18	7_49	46.032	63	33	1	97	158	95	157	9.33e-12	55.5
7_18	7_21	40.299	67	40	0	99	165	302	368	4.28e-11	53.5
7_18	7_32	43.548	62	35	0	99	160	73	134	8.09e-11	52.4
7_18	7_25	44.444	72	38	1	93	164	90	159	8.10e-11	50.8
7_18	7_3	42.105	57	33	0	102	158	108	164	9.37e-11	51.2
7_18	7_30	42.029	69	34	1	100	168	78	140	1.90e-10	50.4
7_18	7_40	36.986	73	43	1	72	144	91	160	1.36e-08	45.1
7_18	7_39	40.323	62	34	1	83	144	110	168	8.99e-08	42.7
7_18	7_19	26.263	99	73	0	68	166	42	140	3.61e-07	40.8
7_18	7_1	42.000	50	29	0	110	159	461	510	2.92e-06	38.9
7_18	7_0	32.812	64	43	0	98	161	430	493	3.49e-06	38.5
7_18	7_36	35.714	56	36	0	105	160	2	57	5.38e-06	37.4
7_18	7_28	40.741	54	28	1	92	145	190	239	5.42e-06	38.1
7_18	7_42	37.288	59	33	2	102	158	79	135	1.66e-05	36.2
7_18	7_7	35.593	59	38	0	100	158	485	543	1.67e-05	36.6
7_18	7_11	51.724	29	14	0	98	126	50	78	2.61e-05	36.2
7_18	7_2	41.304	46	27	0	100	145	131	176	6.47e-05	34.7
7_18	7_35	28.235	85	55	3	131	210	28	111	8.92e-05	33.9
7_18	7_47	38.298	47	29	0	99	145	132	178	1.73e-04	33.5
7_18	7_44	38.889	36	22	0	116	151	138	173	2.72e-04	32.3
7_18	7_43	35.593	59	34	1	97	155	388	442	6.09e-04	31.6
7_19	7_19	100.000	217	0	0	1	217	1	217	3.55e-165	446
7_19	7_36	60.484	124	38	2	78	192	1	122	1.72e-44	140
7_19	7_46	39.640	111	60	3	22	132	8	111	2.02e-16	67.0
7_19	7_6	29.193	161	73	4	62	183	37	195	9.19e-14	61.6
7_19	7_6	86.364	22	3	0	20	41	452	473	2.20e-05	36.2
7_19	7_6	100.000	18	0	0	25	42	240	257	2.80e-05	36.2
7_19	7_6	62.963	27	10	0	25	51	360	386	8.77e-05	34.7
7_19	7_6	100.000	17	0	0	25	41	434	450	8.77e-05	34.7
7_19	7_6	52.500	40	12	1	25	57	438	477	2.48e-04	33.1
7_19	7_6	62.500	32	8	1	25	52	422	453	3.21e-04	32.7
7_19	7_6	62.500	32	8	1	25	52	320	351	3.74e-04	32.7
7_19	7_6	59.259	27	11	0	26	52	301	327	5.02e-04	32.3
7_19	7_6	100.000	16	0	0	25	40	485	500	5.02e-04	32.3
7_19	7_6	100.000	16	0	0	25	40	598	613	5.02e-04	32.3
7_19	7_6	62.963	27	10	0	26	52	273	299	6.85e-04	31.6
7_19	7_6	59.375	32	9	1	25	52	586	617	7.83e-04	31.6
7_19	7_45	41.270	63	37	0	70	132	526	588	3.15e-12	57.0
7_19	7_12	29.655	145	64	4	25	132	5	148	2.61e-11	53.1
7_19	7_32	39.726	73	37	1	60	132	67	132	4.20e-11	53.5
7_19	7_29	45.098	51	28	0	77	127	120	170	1.09e-10	50.8
7_19	7_35	31.111	90	62	0	94	183	17	106	3.80e-10	49.7
7_19	7_1	43.077	65	35	1	86	148	463	527	1.02e-09	49.3
7_19	7_21	35.714	70	45	0	63	132	292	361	1.08e-09	49.3
7_19	7_49	33.333	84	54	1	74	157	99	180	1.85e-09	48.5
7_19	7_25	29.078	141	64	2	25	129	10	150	4.38e-09	46.2
7_19	7_42	43.860	57	32	0	76	132	79	135	1.63e-08	45.4
7_19	7_4	36.667	60	38	0	73	132	232	291	2.75e-08	44.7
7_19	7_11	72.414	29	8	0	25	53	773	801	2.30e-07	42.4
7_19	7_11	85.714	21	3	0	23	43	716	736	5.39e-06	38.1
7_19	7_11	31.250	128	60	7	25	139	722	834	7.32e-06	37.7
7_19	7_11	100.000	16	0	0	27	42	86	101	1.50e-04	33.9
7_19	7_11	100.000	15	0	0	25	39	88	102	5.20e-04	32.0
7_19	7_18	26.263	99	73	0	42	140	68	166	3.63e-07	40.8
7_19	7_27	31.250	80	52	2	69	145	19	98	5.95e-07	39.7
7_19	7_43	74.074	27	7	0	26	52	15	41	1.67e-06	39.7
7_19	7_43	100.000	18	0	0	25	42	18	35	9.32e-06	37.4
7_19	7_43	88.889	18	2	0	25	42	44	61	1.25e-04	33.9
7_19	7_43	37.500	48	30	0	73	120	390	437	1.48e-04	33.5
7_19	7_43	55.556	36	6	1	25	50	30	65	3.59e-04	32.3
7_19	7_43	100.000	15	0	0	25	39	22	36	7.35e-04	31.6
7_19	7_40	94.444	18	1	0	25	42	208	225	2.16e-06	38.9
7_19	7_40	88.889	18	2	0	27	44	206	223	9.71e-06	36.6
7_19	7_39	94.444	18	1	0	25	42	216	233	2.57e-06	38.5
7_19	7_39	88.889	18	2	0	27	44	214	231	1.26e-05	36.6
7_19	7_2	89.474	19	2	0	25	43	367	385	3.03e-06	38.9
7_19	7_2	84.211	19	3	0	25	43	601	619	4.60e-06	38.5
7_19	7_2	100.000	17	0	0	25	41	236	252	5.27e-06	38.1
7_19	7_2	60.714	28	11	0	25	52	625	652	5.57e-06	38.1
7_19	7_2	80.000	20	4	0	25	44	363	382	6.10e-06	38.1
7_19	7_2	39.216	51	31	0	70	120	127	177	7.11e-06	37.7
7_19	7_2	88.889	18	2	0	25	42	569	586	1.03e-05	37.4
7_19	7_2	75.000	20	5	0	25	44	565	584	1.34e-05	37.0
7_19	7_2	75.000	20	5	0	25	44	573	592	1.34e-05	37.0
7_19	7_2	75.000	20	5	0	25	44	577	596	1.34e-05	37.0
7_19	7_2	75.000	20	5	0	25	44	581	600	1.34e-05	37.0
7_19	7_2	75.000	20	5	0	25	44	585	604	1.34e-05	37.0
7_19	7_2	75.000	24	6	0	18	41	414	437	1.65e-05	36.6
7_19	7_2	83.333	18	3	0	25	42	589	606	2.68e-05	36.2
7_19	7_2	73.913	23	6	0	26	48	233	255	2.99e-05	35.8
7_19	7_2	60.714	28	11	0	25	52	721	748	4.10e-05	35.4
7_19	7_2	70.000	20	6	0	25	44	621	640	4.21e-05	35.4
7_19	7_2	70.000	20	6	0	25	44	681	700	5.66e-05	35.0
7_19	7_2	77.778	27	1	2	20	42	751	776	5.98e-05	35.0
7_19	7_2	75.000	24	2	1	25	44	609	632	7.09e-05	34.7
7_19	7_2	75.000	24	2	1	25	44	665	688	7.09e-05	34.7
7_19	7_2	72.000	25	6	1	20	43	741	765	9.62e-05	34.3
7_19	7_2	81.818	22	0	1	25	42	371	392	1.19e-04	33.9
7_19	7_2	81.818	22	0	1	25	42	613	634	1.19e-04	33.9
7_19	7_2	81.818	22	0	1	25	42	669	690	1.19e-04	33.9
7_19	7_2	77.778	18	4	0	25	42	677	694	1.19e-04	33.9
7_19	7_2	78.947	19	4	0	25	43	387	405	1.33e-04	33.9
7_19	7_2	86.667	15	2	0	29	43	717	731	2.20e-04	33.1
7_19	7_2	70.000	20	6	0	25	44	228	247	2.63e-04	33.1
7_19	7_2	65.000	20	7	0	25	44	561	580	3.00e-04	32.7
7_19	7_2	52.174	23	11	0	22	44	356	378	8.40e-04	31.6
7_19	7_37	33.333	75	46	2	73	146	65	136	7.15e-06	37.0
7_19	7_23	32.911	79	41	4	77	144	231	308	1.02e-05	37.4
7_19	7_3	37.288	59	37	0	75	133	107	165	1.56e-05	35.8
7_19	7_38	47.619	42	20	1	25	64	171	212	1.82e-05	36.2
7_19	7_38	48.571	35	18	0	106	140	44	78	4.80e-05	35.0
7_19	7_34	33.333	69	41	2	74	141	140	204	5.50e-05	34.7
7_19	7_26	33.333	51	34	0	82	132	89	139	2.29e-04	32.7
7_19	7_28	36.170	47	30	0	74	120	194	240	3.06e-04	32.7
7_19	7_31	31.579	57	39	0	76	132	54	110	6.58e-04	31.6
7_20	7_20	100.000	251	0	0	1	251	1	251	0.0	513
7_20	7_42	36.538	52	31	1	88	139	91	140	3.44e-04	32.7
7_21	7_21	100.000	591	0	0	1	591	1	591	0.0	1180
7_21	7_32	47.573	103	51	2	299	398	70	172	1.71e-24	98.2
7_21	7_1	58.333	60	22	1	315	371	463	522	1.72e-18	80.5
7_21	7_6	44.578	83	38	1	286	368	40	114	2.36e-18	80.5
7_21	7_28	69.231	52	15	1	299	349	189	240	1.57e-17	77.0
7_21	7_2	56.364	55	22	1	297	349	123	177	2.65e-16	73.6
7_21	7_35	63.043	46	17	0	323	368	17	62	6.16e-16	68.9
7_21	7_47	53.704	54	25	0	299	352	129	182	6.31e-16	72.0
7_21	7_46	39.394	99	50	4	303	393	55	151	1.63e-15	67.4
7_21	7_12	42.857	70	39	1	306	375	93	161	2.46e-14	64.3
7_21	7_37	35.227	88	42	2	275	360	50	124	6.03e-13	60.1
7_21	7_31	45.312	64	33	1	299	362	50	111	5.04e-12	58.5
7_21	7_49	39.394	66	40	0	302	367	98	163	6.28e-12	59.3
7_21	7_4	43.103	58	33	0	304	361	234	291	2.21e-11	57.0
7_21	7_42	46.296	54	29	0	308	361	82	135	2.89e-11	56.2
7_21	7_5	47.059	51	27	0	311	361	322	372	5.95e-11	55.8
7_21	7_18	40.299	67	40	0	302	368	99	165	6.63e-11	54.3
7_21	7_43	52.174	46	22	0	304	349	392	437	1.03e-10	55.5
7_21	7_27	40.000	65	34	1	308	367	31	95	1.08e-10	52.4
7_21	7_3	37.143	70	39	1	297	361	95	164	5.76e-10	51.2
7_21	7_38	40.625	64	37	1	300	363	10	72	2.41e-09	50.8
7_21	7_34	31.818	66	45	0	301	366	139	204	4.16e-09	49.7
7_21	7_19	35.714	70	45	0	292	361	63	132	6.73e-09	48.1
7_21	7_29	30.882	68	47	0	289	356	103	170	9.72e-09	47.4
7_21	7_36	40.741	54	32	0	308	361	2	55	1.88e-08	46.6
7_21	7_26	29.032	93	50	2	310	393	88	173	4.80e-08	45.4
7_21	7_25	35.821	67	41	1	295	361	89	153	1.18e-07	43.9
7_21	7_11	45.946	37	20	0	328	364	789	825	1.67e-07	45.4
7_21	7_45	36.667	60	38	0	303	362	530	589	5.10e-07	43.9
7_21	7_30	30.645	124	65	5	301	416	76	186	7.33e-07	42.0
7_21	7_0	29.310	58	41	0	303	360	432	489	1.82e-05	38.5
7_21	7_7	26.590	173	108	7	303	458	485	655	7.09e-05	37.0
7_21	7_40	32.609	46	31	0	302	347	115	160	3.00e-04	34.3
7_21	7_39	32.609	46	31	0	302	347	123	168	3.05e-04	34.3
7_21	7_15	30.159	63	44	0	306	368	1001	1063	3.07e-04	35.0
7_21	7_16	30.159	63	44	0	306	368	1019	1081	3.07e-04	35.0
7_22	7_22	100.000	270	0	0	1	270	1	270	0.0	567
7_22	7_32	31.461	89	46	1	94	182	76	149	2.77e-07	42.7
7_22	7_42	30.769	78	39	2	94	171	79	141	4.88e-06	38.5
7_22	7_0	25.140	179	89	9	6	168	344	493	1.32e-05	37.4
7_22	7_34	27.642	123	68	4	66	183	111	217	1.41e-05	37.0
7_22	7_6	24.545	110	57	3	94	201	51	136	1.41e-05	37.7
7_22	7_46	26.923	78	42	1	93	170	54	116	8.19e-05	34.3
7_22	7_12	31.818	88	43	3	93	180	91	161	1.14e-04	33.9
7_22	7_16	26.582	79	43	1	87	165	1011	1074	1.32e-04	34.7
7_22	7_15	26.582	79	43	1	87	165	993	1056	1.36e-04	34.7
7_22	7_43	38.462	39	24	0	94	132	393	431	1.80e-04	33.9
7_22	7_23	29.333	75	47	3	95	168	231	300	2.94e-04	33.5
7_22	7_49	31.169	77	38	1	93	169	100	161	7.92e-04	32.0
7_23	7_23	100.000	639	0	0	1	639	1	639	0.0	1328
7_23	7_19	32.911	79	41	4	231	308	77	144	2.88e-05	37.4
7_23	7_22	29.333	75	47	3	231	300	95	168	7.67e-04	33.1
7_24	7_24	100.000	261	0	0	1	261	1	261	0.0	540
7_24	7_13	55.000	60	24	1	5	64	30	86	8.02e-16	68.2
7_24	7_14	55.000	60	24	1	5	64	205	261	1.21e-15	67.8
7_24	7_9	57.576	33	14	0	16	48	933	965	2.62e-09	48.9
7_24	7_8	57.576	33	14	0	16	48	940	972	2.62e-09	48.9
7_24	7_10	75.000	24	6	0	26	49	2	25	8.23e-07	41.2
7_24	7_44	50.000	28	14	0	16	43	146	173	3.32e-05	35.4
7_24	7_12	39.130	46	28	0	11	56	109	154	5.30e-04	32.0
7_24	7_15	44.118	34	19	0	16	49	1022	1055	6.92e-04	32.3
7_24	7_16	44.118	34	19	0	16	49	1040	1073	7.18e-04	32.0
7_25	7_25	100.000	172	0	0	1	172	1	172	4.80e-131	357
7_25	7_12	37.500	160	74	4	11	155	2	150	9.91e-20	75.1
7_25	7_46	34.965	143	50	1	11	153	12	111	4.45e-17	67.4
7_25	7_46	94.118	17	1	0	9	25	14	30	3.31e-05	34.3
7_25	7_31	45.902	61	33	0	93	153	50	110	1.13e-14	62.0
7_25	7_49	40.909	66	39	0	95	160	99	164	2.50e-13	58.9
7_25	7_38	38.356	73	43	1	86	158	5	75	1.57e-11	53.5
7_25	7_38	37.383	107	31	6	5	76	149	254	1.99e-05	35.4
7_25	7_18	44.444	72	38	1	90	159	93	164	6.58e-11	50.8
7_25	7_5	39.706	68	40	1	103	169	322	389	2.67e-10	50.1
7_25	7_37	39.683	63	38	0	95	157	67	129	2.98e-10	49.3
7_25	7_27	34.694	98	57	3	66	161	2	94	3.43e-10	48.1
7_25	7_6	30.392	102	66	3	72	172	26	123	4.70e-10	49.3
7_25	7_6	66.667	33	11	0	14	46	485	517	2.83e-06	38.1
7_25	7_6	67.647	34	7	1	4	33	420	453	4.18e-06	37.7
7_25	7_6	44.828	58	28	1	4	57	302	359	1.02e-05	36.6
7_25	7_6	43.333	60	23	2	1	49	581	640	1.45e-05	36.2
7_25	7_6	100.000	19	0	0	10	28	240	258	1.81e-05	35.8
7_25	7_6	85.714	21	3	0	9	29	456	476	4.82e-05	34.7
7_25	7_6	76.923	26	2	1	8	29	416	441	1.57e-04	33.1
7_25	7_6	50.000	48	12	1	4	39	278	325	2.50e-04	32.3
7_25	7_6	44.231	52	27	1	8	57	362	413	2.67e-04	32.3
7_25	7_6	68.000	25	8	0	4	28	266	290	3.21e-04	32.0
7_25	7_6	63.333	30	7	1	4	29	242	271	5.56e-04	31.2
7_25	7_6	39.062	64	27	1	5	56	335	398	7.31e-04	31.2
7_25	7_26	43.137	51	29	0	103	153	89	139	8.86e-10	47.8
7_25	7_34	36.364	77	39	2	87	153	123	199	1.03e-09	48.1
7_25	7_3	38.596	57	35	0	97	153	108	164	2.21e-09	46.6
7_25	7_19	29.078	141	64	2	10	150	25	129	2.26e-09	46.6
7_25	7_4	37.288	59	37	0	97	155	235	293	8.39e-09	45.4
7_25	7_11	29.213	178	50	8	4	170	724	836	1.56e-08	45.1
7_25	7_11	70.000	30	2	1	8	30	86	115	4.86e-05	34.7
7_25	7_11	62.963	27	10	0	4	30	686	712	3.96e-04	32.0
7_25	7_21	35.821	67	41	1	89	153	295	361	3.41e-08	43.9
7_25	7_32	36.232	69	43	1	95	162	74	142	1.95e-07	41.6
7_25	7_43	42.308	78	35	2	8	79	16	89	2.03e-07	41.6
7_25	7_43	58.333	36	5	1	4	29	16	51	1.64e-04	32.7
7_25	7_42	33.333	66	44	0	93	158	75	140	5.26e-07	40.0
7_25	7_1	37.288	59	36	1	107	165	463	520	5.57e-07	40.4
7_25	7_40	80.952	21	4	0	7	27	205	225	2.54e-06	37.7
7_25	7_40	100.000	18	0	0	12	29	206	223	4.44e-06	37.0
7_25	7_40	64.000	25	9	0	5	29	195	219	2.54e-04	32.0
7_25	7_40	35.417	48	28	1	95	139	113	160	4.05e-04	31.2
7_25	7_40	70.000	20	6	0	4	23	206	225	4.57e-04	31.2
7_25	7_39	85.000	20	3	0	8	27	214	233	3.06e-06	37.7
7_25	7_39	100.000	18	0	0	12	29	214	231	4.90e-06	37.0
7_25	7_39	64.000	25	9	0	5	29	203	227	3.00e-04	31.6
7_25	7_39	35.417	48	28	1	95	139	121	168	4.19e-04	31.2
7_25	7_39	70.000	20	6	0	4	23	214	233	5.10e-04	31.2
7_25	7_2	58.333	36	15	0	4	39	587	622	3.95e-06	37.7
7_25	7_2	73.077	26	7	0	4	29	567	592	1.35e-05	36.2
7_25	7_2	78.261	23	5	0	8	30	623	645	1.70e-05	35.8
7_25	7_2	81.818	22	4	0	8	29	361	382	4.32e-05	34.7
7_25	7_2	80.952	21	4	0	9	29	564	584	5.92e-05	34.3
7_25	7_2	48.718	39	20	0	4	42	623	661	7.32e-05	33.9
7_25	7_2	73.913	23	6	0	4	26	230	252	9.74e-05	33.5
7_25	7_2	78.261	23	5	0	8	30	719	741	1.65e-04	32.7
7_25	7_2	65.385	26	9	0	4	29	749	774	1.92e-04	32.7
7_25	7_2	59.259	27	11	0	13	39	362	388	2.80e-04	32.3
7_25	7_2	80.000	20	4	0	10	29	621	640	4.69e-04	31.6
7_25	7_2	73.077	26	3	1	8	29	611	636	6.29e-04	31.2
7_25	7_2	48.718	39	20	0	4	42	719	757	7.02e-04	31.2
7_25	7_14	26.374	91	59	2	90	172	184	274	5.93e-06	37.4
7_25	7_7	30.508	59	41	0	97	155	487	545	8.48e-06	36.6
7_25	7_0	30.000	70	49	0	84	153	421	490	4.47e-05	34.7
7_25	7_35	33.333	51	33	1	114	164	16	65	5.65e-04	30.8
7_26	7_26	100.000	214	0	0	1	214	1	214	2.69e-160	434
7_26	7_34	37.949	195	106	7	3	187	64	253	8.11e-27	96.7
7_26	7_27	52.564	78	35	1	81	158	26	101	9.29e-24	85.1
7_26	7_46	42.157	102	54	2	62	159	34	134	4.78e-22	82.0
7_26	7_12	60.345	58	23	0	83	140	92	149	8.17e-21	79.3
7_26	7_49	50.649	77	37	1	80	156	98	173	9.48e-19	75.9
7_26	7_5	47.761	67	29	1	89	155	322	382	3.05e-16	68.6
7_26	7_18	46.774	62	33	0	80	141	99	160	3.10e-15	63.9
7_26	7_4	43.590	78	42	1	64	139	214	291	4.49e-15	64.7
7_26	7_31	47.826	69	33	1	75	143	49	114	1.05e-14	63.2
7_26	7_37	48.485	66	34	0	80	145	66	131	2.66e-14	61.2
7_26	7_38	48.438	64	33	0	76	139	7	70	1.13e-13	60.8
7_26	7_32	33.784	74	49	0	68	141	61	134	2.43e-12	57.0
7_26	7_3	46.552	58	31	0	82	139	107	164	1.82e-11	53.1
7_26	7_30	48.387	62	26	1	78	139	75	130	2.66e-11	52.8
7_26	7_21	37.705	61	38	0	80	140	302	362	9.84e-11	52.4
7_26	7_25	37.037	81	42	2	59	139	82	153	2.76e-10	49.3
7_26	7_6	33.846	65	43	0	79	143	47	111	2.92e-10	51.2
7_26	7_40	39.683	63	38	0	63	125	98	160	5.46e-09	46.2
7_26	7_39	40.323	62	37	0	64	125	107	168	2.11e-08	44.7
7_26	7_7	35.714	84	54	0	56	139	460	543	2.68e-08	45.1
7_26	7_11	48.718	39	16	1	106	140	785	823	4.75e-08	44.3
7_26	7_47	27.132	129	79	5	38	162	96	213	4.00e-07	41.6
7_26	7_19	35.593	59	38	0	81	139	74	132	5.29e-07	40.4
7_26	7_2	27.132	129	69	3	24	127	49	177	3.81e-06	38.5
7_26	7_1	39.583	48	29	0	92	139	462	509	6.77e-06	37.7
7_26	7_35	37.500	40	25	0	101	140	17	56	7.05e-06	37.0
7_26	7_36	32.787	61	41	0	86	146	2	62	2.62e-05	35.4
7_26	7_28	27.500	80	56	1	48	127	163	240	9.92e-05	34.3
7_26	7_14	29.688	64	39	2	77	140	194	251	2.75e-04	32.7
7_26	7_13	30.769	65	43	1	76	140	14	76	4.39e-04	32.0
7_27	7_27	100.000	152	0	0	1	152	1	152	3.13e-114	312
7_27	7_46	55.263	76	31	1	26	98	50	125	1.53e-22	81.3
7_27	7_26	52.857	70	31	1	34	101	89	158	8.93e-22	79.7
7_27	7_18	53.623	69	32	0	20	88	94	162	1.31e-20	76.6
7_27	7_34	56.667	60	26	0	26	85	141	200	2.49e-20	77.0
7_27	7_38	61.017	59	23	0	26	84	12	70	5.45e-19	74.3
7_27	7_49	47.368	76	38	1	24	97	95	170	3.89e-18	72.0
7_27	7_5	54.545	55	25	0	33	87	321	375	9.46e-18	70.9
7_27	7_12	48.333	60	31	0	26	85	90	149	2.60e-17	68.2
7_27	7_37	46.377	69	35	1	31	99	72	138	6.38e-15	61.6
7_27	7_32	32.540	126	63	2	26	134	74	194	1.13e-13	58.9
7_27	7_31	47.273	55	29	0	31	85	57	111	1.32e-13	58.5
7_27	7_6	32.877	73	49	0	26	98	49	121	1.39e-13	58.9
7_27	7_4	38.095	63	39	0	25	87	232	294	3.46e-13	57.4
7_27	7_3	40.000	60	36	0	28	87	108	167	2.43e-12	54.3
7_27	7_1	38.356	73	40	2	30	100	453	522	2.15e-11	52.8
7_27	7_21	42.593	54	31	0	31	84	308	361	4.30e-11	51.6
7_27	7_25	39.130	69	40	1	26	94	95	161	6.22e-10	47.4
7_27	7_30	42.373	59	28	1	26	84	78	130	4.51e-09	45.4
7_27	7_7	39.130	69	42	0	16	84	475	543	5.03e-09	45.8
7_27	7_39	46.667	45	24	0	26	70	124	168	9.58e-09	44.3
7_27	7_40	46.667	45	24	0	26	70	116	160	9.81e-09	44.3
7_27	7_35	39.623	53	31	1	46	98	17	68	5.12e-08	42.4
7_27	7_19	31.250	80	52	2	19	98	69	145	4.17e-07	39.7
7_27	7_11	38.462	39	24	0	70	108	808	846	1.54e-06	38.5
7_27	7_11	60.000	25	9	1	24	47	50	74	1.12e-04	33.1
7_27	7_43	33.333	48	32	0	25	72	390	437	2.90e-06	37.7
7_27	7_0	32.143	56	38	0	24	79	430	485	4.35e-06	37.0
7_27	7_47	32.143	56	38	0	20	75	127	182	1.41e-05	35.4
7_27	7_28	34.043	47	31	0	26	72	194	240	2.91e-05	34.7
7_27	7_36	31.148	61	42	0	31	91	2	62	4.10e-05	33.9
7_27	7_2	34.043	47	31	0	26	72	131	177	6.14e-05	33.9
7_27	7_42	30.882	68	44	1	28	95	79	143	1.04e-04	32.7
7_27	7_14	40.000	40	23	1	47	85	212	251	3.11e-04	31.6
7_27	7_13	40.000	40	23	1	47	85	37	76	5.92e-04	30.8
7_28	7_28	100.000	472	0	0	1	472	1	472	0.0	939
7_28	7_47	39.437	213	89	11	178	370	115	307	9.54e-22	89.4
7_28	7_32	73.077	52	14	0	192	243	72	123	2.46e-20	84.7
7_28	7_2	65.455	55	17	1	186	240	125	177	3.02e-18	79.3
7_28	7_21	67.273	55	17	1	189	243	299	352	4.62e-18	78.2
7_28	7_6	60.377	53	21	0	191	243	46	98	2.32e-15	70.1
7_28	7_43	61.702	47	18	0	194	240	391	437	1.72e-13	63.9
7_28	7_1	65.789	38	13	0	206	243	463	500	2.25e-12	60.5
7_28	7_35	66.667	30	10	0	214	243	17	46	1.92e-09	49.7
7_28	7_12	36.449	107	49	4	155	243	34	139	2.26e-09	49.3
7_28	7_49	47.059	51	27	0	193	243	98	148	1.42e-08	48.1
7_28	7_46	33.333	63	42	0	181	243	40	102	3.73e-08	45.4
7_28	7_34	30.000	100	61	2	144	243	100	190	4.20e-07	43.1
7_28	7_39	42.857	49	27	1	191	238	120	168	2.86e-06	40.0
7_28	7_40	42.857	49	27	1	191	238	112	160	2.98e-06	40.0
7_28	7_31	38.000	50	31	0	194	243	52	101	3.53e-06	40.0
7_28	7_18	39.655	58	31	1	190	243	92	149	1.12e-05	38.1
7_28	7_27	34.000	50	33	0	194	243	26	75	2.54e-05	36.2
7_28	7_42	36.735	49	31	0	195	243	78	126	6.93e-05	36.2
7_28	7_19	36.000	50	32	0	194	243	74	123	1.11e-04	35.0
7_28	7_3	36.735	49	31	0	195	243	107	155	1.44e-04	34.7
7_28	7_5	38.636	44	27	0	200	243	320	363	3.30e-04	34.3
7_28	7_37	33.333	45	30	0	199	243	72	116	5.54e-04	32.7
7_28	7_30	36.735	49	30	1	191	238	74	122	5.69e-04	32.7
7_28	7_36	35.556	45	29	0	199	243	2	46	7.40e-04	32.3
7_29	7_29	100.000	191	0	0	1	191	1	191	3.31e-148	401
7_29	7_42	49.020	51	26	0	120	170	80	130	3.18e-12	55.8
7_29	7_19	45.098	51	28	0	120	170	77	127	6.19e-11	51.6
7_29	7_36	44.000	50	28	0	121	170	1	50	1.76e-09	47.4
7_29	7_6	35.593	59	38	0	112	170	44	102	2.39e-09	47.8
7_29	7_45	38.596	57	29	2	117	170	530	583	1.34e-08	45.4
7_29	7_21	30.882	68	47	0	103	170	289	356	2.07e-08	45.1
7_29	7_1	38.095	42	26	0	129	170	463	504	3.06e-06	38.5
7_29	7_32	31.034	58	40	0	113	170	70	127	7.78e-06	37.0
7_29	7_44	35.185	54	31	1	115	168	124	173	2.26e-05	35.0
7_29	7_4	30.137	73	49	1	98	170	216	286	1.08e-04	33.5
7_29	7_15	29.630	54	38	0	120	173	1001	1054	8.34e-04	31.2
7_29	7_16	29.630	54	38	0	120	173	1019	1072	8.35e-04	31.2
7_30	7_30	100.000	218	0	0	1	218	1	218	2.00e-162	439
7_30	7_46	34.711	121	55	2	16	130	9	111	4.41e-15	63.2
7_30	7_37	38.235	102	56	2	74	168	63	164	2.00e-13	58.9
7_30	7_34	47.692	65	28	1	75	133	138	202	5.75e-12	55.5
7_30	7_12	48.387	62	26	1	75	130	87	148	1.00e-11	54.3
7_30	7_40	48.000	50	26	0	73	122	111	160	2.29e-11	53.1
7_30	7_39	48.980	49	25	0	74	122	120	168	2.67e-11	53.1
7_30	7_49	40.000	100	48	3	66	157	85	180	3.07e-11	53.9
7_30	7_38	40.000	70	36	1	78	141	12	81	4.72e-11	53.1
7_30	7_31	43.548	62	29	1	80	135	54	115	5.00e-11	52.8
7_30	7_6	25.301	166	87	4	70	200	41	204	1.81e-10	51.6
7_30	7_18	42.029	69	34	1	78	140	100	168	1.81e-10	50.4
7_30	7_25	27.711	166	81	6	12	140	4	167	1.59e-09	47.4
7_30	7_27	42.373	59	28	1	78	130	26	84	8.18e-09	45.1
7_30	7_5	36.000	75	36	2	86	154	322	390	7.26e-08	43.5
7_30	7_26	49.057	53	21	1	84	130	87	139	1.33e-07	42.4
7_30	7_4	30.526	95	57	2	43	131	201	292	3.33e-07	41.6
7_30	7_32	27.485	171	88	7	70	213	64	225	4.15e-07	41.2
7_30	7_21	30.645	124	65	5	76	186	301	416	2.08e-06	39.3
7_30	7_3	40.351	57	28	1	80	130	108	164	5.29e-06	37.4
7_30	7_1	26.761	142	72	6	88	204	461	595	1.32e-05	37.0
7_30	7_17	39.024	41	23	1	70	110	35	73	5.99e-05	34.7
7_30	7_28	36.735	49	30	1	74	122	191	238	8.45e-05	34.3
7_30	7_2	35.417	48	31	0	75	122	128	175	1.55e-04	33.9
7_30	7_43	33.871	62	36	2	68	124	378	439	5.09e-04	32.0
7_30	7_0	37.778	45	28	0	73	117	427	471	7.07e-04	31.6
7_30	7_47	33.333	45	30	0	78	122	133	177	8.27e-04	31.2
7_31	7_31	100.000	285	0	0	1	285	1	285	0.0	581
7_31	7_46	55.172	58	26	0	54	111	55	112	7.57e-17	69.3
7_31	7_12	40.517	116	53	3	54	157	92	203	7.77e-16	67.0
7_31	7_49	50.847	59	29	0	54	112	101	159	1.83e-15	67.8
7_31	7_34	47.541	61	32	0	52	112	141	201	8.30e-15	65.1
7_31	7_25	45.902	61	33	0	50	110	93	153	1.06e-14	62.8
7_31	7_5	46.269	67	36	0	59	125	321	387	2.70e-14	64.3
7_31	7_3	50.000	54	27	0	57	110	111	164	4.97e-14	61.2
7_31	7_4	47.826	69	33	1	42	110	226	291	5.80e-14	62.8
7_31	7_37	50.980	51	25	0	57	107	72	122	1.78e-13	60.1
7_31	7_27	47.273	55	29	0	57	111	31	85	2.22e-13	58.5
7_31	7_6	43.750	64	36	0	52	115	49	112	2.34e-13	61.6
7_31	7_26	48.214	56	29	0	59	114	88	143	7.04e-13	58.5
7_31	7_32	37.500	80	42	1	32	111	62	133	5.13e-12	57.4
7_31	7_21	45.312	64	33	1	50	111	299	362	7.65e-12	57.0
7_31	7_18	49.123	57	29	0	54	110	102	158	9.39e-12	55.1
7_31	7_38	44.643	56	31	0	57	112	17	72	1.78e-11	55.5
7_31	7_30	43.548	62	29	1	54	115	80	135	9.72e-11	52.4
7_31	7_1	44.681	47	26	0	64	110	463	509	3.46e-08	45.8
7_31	7_40	27.848	79	50	1	17	95	88	159	5.66e-07	41.2
7_31	7_39	29.268	82	53	3	17	95	88	167	6.43e-07	41.2
7_31	7_35	46.341	41	22	0	71	111	16	56	9.70e-07	40.4
7_31	7_7	35.088	57	37	0	54	110	487	543	2.14e-06	40.0
7_31	7_42	35.088	57	37	0	54	110	79	135	2.26e-06	39.7
7_31	7_45	26.923	78	49	3	43	117	523	595	5.90e-06	38.9
7_31	7_0	29.310	58	41	0	52	109	432	489	6.18e-06	38.5
7_31	7_28	38.298	47	29	0	52	98	194	240	1.15e-05	37.7
7_31	7_16	33.333	63	42	0	54	116	1018	1080	1.70e-05	37.4
7_31	7_15	33.333	63	42	0	54	116	1000	1062	1.79e-05	37.4
7_31	7_17	46.875	32	17	0	53	84	42	73	2.80e-05	36.6
7_31	7_43	42.222	45	26	0	54	98	393	437	5.76e-05	35.8
7_31	7_2	34.000	50	33	0	49	98	128	177	8.77e-05	35.0
7_31	7_47	34.000	50	33	0	52	101	133	182	1.28e-04	34.7
7_31	7_36	31.481	54	37	0	57	110	2	55	3.47e-04	32.7
7_31	7_19	31.579	57	39	0	54	110	76	132	8.96e-04	31.2
7_32	7_32	100.000	431	0	0	1	431	1	431	0.0	865
7_32	7_6	58.333	72	30	0	62	133	37	108	1.45e-24	98.6
7_32	7_21	47.573	103	51	2	70	172	299	398	7.37e-24	95.9
7_32	7_47	60.317	63	25	0	61	123	120	182	1.45e-20	85.5
7_32	7_1	51.852	81	29	3	86	166	463	533	3.71e-20	84.3
7_32	7_28	75.510	49	12	0	72	120	192	240	1.09e-19	82.4
7_32	7_35	51.250	80	31	4	94	168	17	93	8.08e-19	77.0
7_32	7_2	65.957	47	16	0	74	120	131	177	1.85e-16	73.2
7_32	7_43	69.565	46	14	0	75	120	392	437	2.72e-16	72.4
7_32	7_46	39.362	94	54	2	60	151	40	132	2.05e-15	66.6
7_32	7_12	48.333	60	31	0	74	133	90	149	1.59e-14	64.3
7_32	7_49	45.455	66	36	0	73	138	98	163	4.16e-14	65.5
7_32	7_27	32.540	126	63	2	74	194	26	134	4.31e-13	58.5
7_32	7_38	44.068	59	33	0	74	132	12	70	2.48e-12	59.7
7_32	7_3	39.344	61	37	0	75	135	107	167	5.40e-12	56.6
7_32	7_5	45.098	51	28	0	82	132	322	372	5.81e-12	58.5
7_32	7_31	37.500	80	42	1	62	133	32	111	9.40e-12	57.0
7_32	7_34	26.923	104	70	1	30	133	103	200	2.70e-11	55.8
7_32	7_19	39.726	73	37	1	67	132	60	132	4.68e-11	53.9
7_32	7_36	42.857	56	32	0	79	134	2	57	5.19e-11	53.9
7_32	7_18	43.548	62	35	0	73	134	99	160	1.61e-10	52.4
7_32	7_42	39.726	73	41	1	69	138	72	144	1.74e-10	53.1
7_32	7_4	35.211	71	41	1	70	135	224	294	4.59e-10	52.0
7_32	7_37	28.571	77	50	1	55	131	53	124	2.34e-09	48.9
7_32	7_26	37.736	53	33	0	82	134	89	141	4.38e-09	48.1
7_32	7_22	31.461	89	46	1	76	149	94	182	3.40e-07	43.1
7_32	7_0	31.944	72	44	1	63	134	426	492	4.72e-07	43.1
7_32	7_25	36.232	69	43	1	74	142	95	162	4.97e-07	41.6
7_32	7_30	33.333	102	51	4	64	156	70	163	7.14e-06	38.5
7_32	7_29	31.034	58	40	0	70	127	113	170	2.54e-05	36.6
7_32	7_45	29.333	75	51	1	61	133	515	589	2.59e-05	37.7
7_32	7_39	36.957	46	29	0	73	118	123	168	4.32e-05	36.2
7_32	7_40	36.957	46	29	0	73	118	115	160	4.55e-05	36.2
7_32	7_15	36.207	58	37	0	76	133	1000	1057	6.13e-05	36.6
7_32	7_16	36.207	58	37	0	76	133	1018	1075	6.15e-05	36.6
7_32	7_11	35.897	39	21	1	99	133	785	823	6.85e-05	36.6
7_32	7_11	43.750	32	18	0	68	99	46	77	7.64e-04	33.1
7_32	7_7	28.814	59	42	0	74	132	485	543	3.29e-04	34.3
7_32	7_14	30.508	59	41	0	75	133	193	251	6.18e-04	33.1
7_33	7_33	100.000	317	0	0	1	317	1	317	0.0	613
7_34	7_34	100.000	290	0	0	1	290	1	290	0.0	598
7_34	7_26	37.640	178	99	6	64	236	3	173	1.80e-23	87.8
7_34	7_27	56.667	60	26	0	141	200	26	85	2.93e-20	77.8
7_34	7_12	56.897	58	25	0	143	200	92	149	5.67e-16	67.4
7_34	7_18	38.298	94	54	2	140	229	99	192	7.92e-16	67.0
7_34	7_46	42.105	76	44	0	125	200	37	112	9.38e-16	66.2
7_34	7_38	53.226	62	29	0	141	202	12	73	1.92e-15	67.8
7_34	7_49	46.053	76	39	1	131	204	87	162	2.55e-15	67.4
7_34	7_31	46.774	62	33	0	141	202	52	113	9.02e-15	64.7
7_34	7_5	54.717	53	24	0	149	201	322	374	1.42e-14	65.1
7_34	7_37	45.902	61	33	0	146	206	72	132	2.49e-14	62.8
7_34	7_30	47.692	65	28	1	138	202	75	133	3.40e-12	56.6
7_34	7_4	43.860	57	32	0	143	199	235	291	7.25e-12	56.6
7_34	7_32	34.247	73	48	0	128	200	61	133	8.66e-11	53.5
7_34	7_6	32.812	64	43	0	139	202	47	110	1.38e-10	53.5
7_34	7_3	40.323	62	37	0	138	199	103	164	7.07e-10	49.3
7_34	7_21	33.871	62	41	0	139	200	301	362	1.68e-09	49.7
7_34	7_25	36.364	77	39	2	123	199	87	153	1.80e-09	47.8
7_34	7_40	35.616	73	42	1	113	185	93	160	3.64e-09	47.8
7_34	7_39	47.826	46	24	0	140	185	123	168	3.72e-09	47.8
7_34	7_1	46.512	43	23	0	157	199	467	509	3.95e-07	42.4
7_34	7_7	37.288	59	37	0	141	199	485	543	1.03e-06	41.2
7_34	7_28	29.897	97	59	2	100	187	144	240	1.73e-06	40.4
7_34	7_47	24.390	164	97	6	120	280	116	255	1.90e-06	40.4
7_34	7_22	27.778	90	50	2	143	217	94	183	1.75e-05	37.0
7_34	7_42	34.426	61	40	0	143	203	79	139	2.26e-05	36.6
7_34	7_35	33.333	42	28	0	161	202	17	58	5.01e-05	35.4
7_34	7_19	33.333	69	41	2	140	204	74	141	7.69e-05	34.7
7_34	7_13	40.000	35	21	0	166	200	42	76	5.08e-04	32.7
7_34	7_14	43.333	30	17	0	171	200	222	251	5.62e-04	32.7
7_34	7_16	30.508	59	41	0	143	201	1018	1076	6.07e-04	32.7
7_34	7_15	30.508	59	41	0	143	201	1000	1058	6.12e-04	32.7
7_35	7_35	100.000	221	0	0	1	221	1	221	1.36e-164	445
7_35	7_6	57.143	56	23	1	17	71	69	124	5.16e-19	77.0
7_35	7_1	57.407	54	23	0	17	70	471	524	6.72e-19	76.6
7_35	7_32	51.250	80	31	4	17	93	94	168	8.92e-19	75.9
7_35	7_21	65.909	44	15	0	17	60	323	366	6.33e-16	67.8
7_35	7_19	31.111	90	62	0	17	106	94	183	3.87e-10	49.7
7_35	7_28	70.370	27	8	0	17	43	214	240	5.51e-09	47.0
7_35	7_46	42.500	40	23	0	17	56	73	112	1.19e-08	45.1
7_35	7_47	60.000	30	12	0	17	46	153	182	3.06e-08	45.1
7_35	7_38	43.182	44	25	0	16	59	31	74	3.61e-08	44.7
7_35	7_37	26.168	107	67	2	17	123	87	181	3.68e-08	43.9
7_35	7_11	29.870	77	48	2	2	72	764	840	4.29e-08	44.7
7_35	7_5	32.075	53	36	0	16	68	333	385	4.89e-08	44.3
7_35	7_2	57.143	28	12	0	16	43	150	177	6.34e-08	44.3
7_35	7_12	38.095	42	26	0	16	57	109	150	6.64e-08	43.1
7_35	7_49	33.871	62	41	0	17	78	119	180	7.37e-08	43.9
7_35	7_27	39.623	53	31	1	17	68	46	98	7.44e-08	42.4
7_35	7_36	47.500	40	21	0	17	56	17	56	1.79e-07	42.0
7_35	7_3	36.957	46	29	0	16	61	125	170	3.67e-07	40.8
7_35	7_31	46.341	41	22	0	16	56	71	111	8.88e-07	40.0
7_35	7_43	55.556	27	12	0	17	43	411	437	4.11e-06	38.5
7_35	7_4	34.783	46	30	0	16	61	252	297	7.19e-06	37.4
7_35	7_26	37.500	40	25	0	17	56	101	140	7.41e-06	37.0
7_35	7_34	33.333	42	28	0	17	58	161	202	4.54e-05	35.0
7_35	7_18	28.235	85	55	3	28	111	131	210	9.13e-05	33.9
7_35	7_42	40.476	42	25	0	23	64	103	144	1.84e-04	33.1
7_35	7_45	37.931	29	18	0	30	58	563	591	5.28e-04	32.0
7_36	7_36	100.000	203	0	0	1	203	1	203	2.10e-151	410
7_36	7_19	62.602	123	35	2	1	121	78	191	6.12e-47	146
7_36	7_19	72.000	25	2	1	136	160	25	44	1.39e-04	33.1
7_36	7_6	32.061	262	116	8	2	202	54	314	4.70e-19	76.6
7_36	7_6	53.247	77	29	1	133	202	391	467	8.45e-10	49.3
7_36	7_6	51.852	81	30	3	130	202	412	491	1.61e-09	48.5
7_36	7_6	50.000	74	29	2	132	202	316	384	1.29e-08	45.8
7_36	7_6	45.055	91	32	2	130	202	358	448	5.39e-08	43.9
7_36	7_6	47.500	80	31	2	133	202	435	513	7.72e-08	43.5
7_36	7_6	80.000	30	5	1	132	161	582	610	1.13e-05	37.0
7_36	7_6	41.176	85	20	3	133	202	273	342	4.44e-05	35.0
7_36	7_6	52.083	48	7	1	130	161	483	530	2.00e-04	33.1
7_36	7_32	32.673	101	53	1	2	102	79	164	2.04e-12	57.0
7_36	7_45	43.636	55	31	0	1	55	534	588	1.32e-11	54.7
7_36	7_11	51.807	83	35	2	120	200	228	307	7.62e-11	52.4
7_36	7_11	49.333	75	29	2	134	203	698	768	1.56e-07	42.7
7_36	7_11	50.633	79	22	4	133	201	719	790	1.68e-07	42.7
7_36	7_11	46.053	76	33	4	134	202	636	710	5.70e-07	40.8
7_36	7_11	88.462	26	1	1	133	156	89	114	1.35e-05	37.0
7_36	7_11	68.293	41	3	2	131	161	737	777	1.52e-05	36.6
7_36	7_11	42.353	85	28	3	127	202	576	648	3.26e-05	35.8
7_36	7_11	44.444	72	29	4	133	203	179	240	6.21e-05	34.7
7_36	7_11	45.882	85	32	6	130	202	134	216	8.07e-05	34.3
7_36	7_11	43.038	79	36	3	133	202	191	269	3.44e-04	32.3
7_36	7_1	45.833	48	26	0	9	56	463	510	1.63e-10	51.6
7_36	7_2	57.534	73	25	2	133	202	574	643	1.04e-09	49.3
7_36	7_2	49.398	83	30	2	133	203	594	676	1.52e-06	39.7
7_36	7_2	47.222	72	30	2	132	203	557	620	8.00e-06	37.4
7_36	7_2	41.111	90	29	2	133	203	682	766	4.18e-05	35.4
7_36	7_2	44.706	85	21	3	132	203	661	732	1.10e-04	33.9
7_36	7_2	45.455	88	24	5	131	202	620	699	2.13e-04	33.1
7_36	7_2	27.329	161	82	5	2	157	136	266	4.50e-04	32.0
7_36	7_2	81.818	22	4	0	127	148	416	437	5.84e-04	31.6
7_36	7_2	74.074	27	6	1	132	158	751	776	7.19e-04	31.6
7_36	7_29	44.000	50	28	0	1	50	121	170	1.07e-09	47.8
7_36	7_49	41.270	63	35	1	1	63	103	163	1.72e-09	48.5
7_36	7_42	44.444	54	30	0	2	55	82	135	5.28e-09	46.6
7_36	7_21	40.741	54	32	0	2	55	308	361	1.33e-08	45.8
7_36	7_35	41.818	55	26	1	17	71	17	65	2.03e-08	44.7
7_36	7_46	37.037	54	34	0	2	55	58	111	9.19e-08	42.4
7_36	7_46	76.000	25	1	1	132	156	11	30	4.18e-04	31.6
7_36	7_46	79.167	24	0	1	137	160	12	30	6.00e-04	31.2
7_36	7_43	58.333	48	3	1	131	161	13	60	6.33e-07	40.8
7_36	7_43	62.500	40	3	1	133	160	49	88	2.17e-05	36.2
7_36	7_43	38.095	42	26	0	2	43	396	437	2.23e-04	33.1
7_36	7_4	41.818	55	30	2	2	55	238	291	1.10e-06	39.7
7_36	7_38	31.188	202	82	6	2	203	17	161	1.72e-06	39.3
7_36	7_38	76.471	34	4	2	132	161	150	183	1.76e-05	36.2
7_36	7_25	72.414	29	7	1	134	162	4	31	4.19e-06	37.4
7_36	7_25	32.468	77	47	4	2	77	100	172	5.96e-04	30.8
7_36	7_3	36.364	55	35	0	2	56	111	165	5.46e-06	37.4
7_36	7_18	35.714	56	36	0	2	57	105	160	5.60e-06	37.4
7_36	7_12	31.481	54	37	0	2	55	95	148	3.13e-05	35.0
7_36	7_12	64.516	31	8	1	133	160	6	36	2.30e-04	32.3
7_36	7_12	47.059	51	8	3	149	199	5	36	8.87e-04	30.8
7_36	7_37	25.217	115	68	3	2	116	72	168	3.43e-05	35.0
7_36	7_40	68.966	29	4	1	130	158	202	225	4.90e-05	34.7
7_36	7_40	63.333	30	10	1	132	161	196	224	1.80e-04	32.7
7_36	7_39	68.966	29	4	1	130	158	210	233	5.40e-05	34.3
7_36	7_39	63.333	30	10	1	132	161	204	232	2.21e-04	32.7
7_36	7_27	31.148	61	42	0	2	62	31	91	6.68e-05	33.5
7_36	7_31	31.481	54	37	0	2	55	57	110	2.45e-04	32.7
7_36	7_26	31.034	58	40	0	5	62	89	146	2.73e-04	32.3
7_36	7_23	33.333	66	33	3	1	55	232	297	4.88e-04	32.0
7_36	7_5	30.769	52	36	0	4	55	321	372	8.15e-04	31.2
7_37	7_37	100.000	218	0	0	1	218	1	218	6.08e-166	448
7_37	7_46	50.667	75	32	2	64	136	53	124	1.60e-19	75.5
7_37	7_38	57.407	54	23	0	75	128	20	73	9.52e-16	67.0
7_37	7_27	46.377	69	35	1	72	138	31	99	6.73e-15	62.0
7_37	7_12	48.387	62	29	1	63	124	89	147	1.79e-14	62.0
7_37	7_34	45.902	61	33	0	72	132	146	206	3.04e-14	62.0
7_37	7_49	42.529	87	44	2	56	139	91	174	3.14e-14	62.8
7_37	7_30	36.207	116	66	3	49	164	61	168	8.79e-14	60.1
7_37	7_31	50.980	51	25	0	72	122	57	107	1.75e-13	60.1
7_37	7_26	50.000	58	29	0	74	131	88	145	3.43e-13	58.2
7_37	7_21	35.227	88	42	2	50	124	275	360	3.56e-13	59.7
7_37	7_18	34.234	111	71	2	65	175	98	206	1.24e-12	56.6
7_37	7_5	49.057	53	27	0	75	127	322	374	1.01e-11	55.1
7_37	7_25	39.683	63	38	0	67	129	95	157	1.92e-10	50.1
7_37	7_4	29.897	97	66	1	30	124	194	290	2.94e-10	50.4
7_37	7_32	35.385	65	39	1	60	124	70	131	6.65e-10	49.7
7_37	7_3	41.818	55	32	0	72	126	111	165	7.20e-10	48.5
7_37	7_6	33.333	66	44	0	63	128	45	110	1.40e-09	49.3
7_37	7_6	57.692	26	11	0	192	217	241	266	0.001	31.2
7_37	7_1	35.849	53	34	0	79	131	463	515	3.25e-09	47.8
7_37	7_35	25.600	125	72	4	87	190	17	141	1.51e-08	45.1
7_37	7_39	29.730	148	72	5	61	208	118	233	2.07e-08	44.7
7_37	7_40	39.216	51	31	0	61	111	110	160	2.30e-08	44.7
7_37	7_19	33.333	75	46	2	65	136	73	146	4.43e-06	37.7
7_37	7_11	55.172	29	10	1	111	139	808	833	9.54e-06	37.4
7_37	7_36	25.000	160	96	4	72	207	2	161	1.03e-05	36.6
7_37	7_47	32.759	58	36	1	59	116	128	182	1.15e-05	37.0
7_37	7_42	30.208	96	56	4	72	163	82	170	1.59e-05	36.2
7_37	7_45	33.962	53	35	0	72	124	535	587	4.32e-05	35.4
7_37	7_0	25.758	66	49	0	61	126	426	491	9.03e-05	34.3
7_37	7_14	26.667	120	77	4	60	179	187	295	3.35e-04	32.7
7_37	7_7	35.088	57	36	1	66	122	485	540	0.001	31.2
7_38	7_38	100.000	420	0	0	1	420	1	420	0.0	757
7_38	7_6	32.374	417	216	15	1	407	145	505	8.46e-21	86.7
7_38	7_6	42.675	157	22	5	97	187	460	614	2.32e-14	66.6
7_38	7_6	52.381	126	37	6	89	196	390	510	6.70e-13	62.0
7_38	7_6	37.097	62	39	0	12	73	49	110	9.68e-13	61.6
7_38	7_27	61.017	59	23	0	12	70	26	84	3.45e-18	73.2
7_38	7_5	58.491	53	22	0	20	72	322	374	8.05e-16	70.5
7_38	7_11	54.902	102	39	3	97	192	664	764	1.54e-15	70.5
7_38	7_11	52.174	115	38	5	84	192	685	788	6.00e-15	68.6
7_38	7_11	40.415	193	77	10	30	192	29	213	5.30e-13	62.4
7_38	7_11	42.342	111	46	4	97	196	588	691	4.89e-09	49.7
7_38	7_11	42.553	94	24	3	97	190	741	804	1.25e-06	42.0
7_38	7_11	60.000	20	8	0	56	75	808	827	1.66e-06	41.6
7_38	7_11	36.697	109	39	3	96	186	242	338	3.19e-06	40.8
7_38	7_11	30.723	332	123	20	86	407	553	787	1.76e-04	35.0
7_38	7_11	33.645	107	56	4	90	186	276	377	3.21e-04	34.3
7_38	7_11	28.814	354	195	16	97	420	389	715	7.07e-04	33.1
7_38	7_46	52.542	59	28	0	12	70	53	111	2.45e-15	66.2
7_38	7_34	53.226	62	29	0	12	73	141	202	5.93e-15	66.6
7_38	7_37	55.357	56	25	0	20	75	75	130	8.60e-15	65.1
7_38	7_18	45.882	85	44	2	8	90	96	180	1.92e-14	63.9
7_38	7_2	58.182	110	31	5	100	200	549	652	3.07e-14	66.2
7_38	7_2	35.135	333	163	15	97	419	366	655	3.85e-08	46.6
7_38	7_49	51.613	62	28	1	13	72	98	159	9.53e-14	64.3
7_38	7_12	53.226	62	24	1	14	70	87	148	9.57e-14	62.0
7_38	7_12	55.556	45	17	1	151	192	2	46	4.58e-06	39.3
7_38	7_1	44.444	54	30	0	22	75	461	514	7.84e-13	61.6
7_38	7_26	56.863	51	22	0	20	70	89	139	1.04e-12	58.9
7_38	7_32	44.872	78	37	3	12	87	72	145	3.27e-12	59.3
7_38	7_3	39.130	69	36	1	8	70	96	164	4.47e-12	56.6
7_38	7_43	51.546	97	28	4	97	193	17	94	1.21e-11	57.8
7_38	7_31	47.170	53	28	0	20	72	60	112	5.78e-11	54.7
7_38	7_25	40.299	67	38	1	11	75	92	158	2.34e-10	51.2
7_38	7_30	40.506	79	33	3	11	81	69	141	4.12e-09	48.1
7_38	7_21	44.231	52	23	2	24	72	315	363	3.04e-08	47.0
7_38	7_35	50.000	32	16	0	43	74	28	59	3.08e-08	45.8
7_38	7_4	38.462	65	38	1	7	71	230	292	5.41e-08	45.4
7_38	7_36	56.250	32	12	1	44	73	29	60	7.91e-06	38.1
7_38	7_19	47.619	42	20	1	171	212	25	64	3.13e-05	36.6
7_38	7_19	48.571	35	18	0	44	78	106	140	1.03e-04	35.0
7_38	7_39	37.069	116	63	4	14	122	121	233	3.71e-05	36.6
7_38	7_40	37.069	116	63	4	14	122	113	225	7.42e-05	35.4
7_38	7_40	68.966	29	7	1	164	192	197	223	0.001	32.0
7_38	7_42	48.485	33	17	0	43	75	108	140	1.27e-04	35.0
7_39	7_39	100.000	233	0	0	1	233	1	233	1.05e-175	474
7_39	7_40	96.567	233	0	1	1	233	1	225	7.15e-166	449
7_39	7_30	48.980	49	25	0	120	168	74	122	3.26e-11	53.1
7_39	7_46	50.000	48	24	0	121	168	50	97	1.39e-09	48.1
7_39	7_46	100.000	18	0	0	214	231	13	30	6.17e-06	37.4
7_39	7_46	94.118	17	1	0	217	233	12	28	5.25e-05	34.7
7_39	7_34	47.826	46	24	0	123	168	140	185	3.25e-09	47.8
7_39	7_27	46.667	45	24	0	124	168	26	70	1.47e-08	44.3
7_39	7_2	30.882	136	59	4	121	232	128	252	2.61e-08	45.4
7_39	7_2	55.882	34	15	0	200	233	561	594	1.63e-05	37.0
7_39	7_2	61.290	31	12	0	203	233	556	586	2.19e-05	36.6
7_39	7_2	61.765	34	13	0	200	233	565	598	4.90e-05	35.4
7_39	7_2	55.882	34	15	0	200	233	609	642	1.02e-04	34.3
7_39	7_2	61.765	34	13	0	200	233	585	618	1.42e-04	33.9
7_39	7_2	94.737	19	1	0	213	231	364	382	1.71e-04	33.9
7_39	7_2	55.556	36	14	1	200	233	663	698	3.48e-04	32.7
7_39	7_2	55.882	34	15	0	200	233	581	614	3.70e-04	32.7
7_39	7_2	52.941	34	16	0	200	233	573	606	6.08e-04	32.0
7_39	7_2	56.757	37	12	1	201	233	658	694	7.94e-04	31.6
7_39	7_2	55.882	34	15	0	200	233	577	610	8.83e-04	31.6
7_39	7_2	60.000	35	10	1	203	233	652	686	0.001	31.6
7_39	7_37	39.216	51	31	0	118	168	61	111	3.01e-08	44.3
7_39	7_18	40.323	62	34	1	110	168	83	144	9.69e-08	42.7
7_39	7_12	45.833	48	26	0	121	168	87	134	1.46e-07	42.4
7_39	7_12	84.211	19	3	0	213	231	2	20	8.33e-05	34.3
7_39	7_49	45.652	46	25	0	123	168	98	143	1.78e-07	42.7
7_39	7_47	38.000	50	31	0	119	168	128	177	4.84e-07	41.6
7_39	7_38	37.069	116	63	4	121	233	14	122	1.08e-06	40.4
7_39	7_38	68.966	29	7	1	205	231	164	192	4.39e-04	32.3
7_39	7_38	76.000	25	2	1	213	233	160	184	8.82e-04	31.2
7_39	7_31	32.812	64	40	2	104	167	35	95	1.24e-06	40.0
7_39	7_4	29.114	79	52	1	115	193	224	298	1.30e-06	40.0
7_39	7_28	42.857	49	27	1	120	168	191	238	1.42e-06	40.0
7_39	7_11	67.742	31	10	0	203	233	760	790	2.01e-06	39.7
7_39	7_11	62.500	32	12	0	201	232	703	734	1.76e-05	37.0
7_39	7_11	85.000	20	3	0	214	233	775	794	2.12e-05	36.6
7_39	7_11	94.444	18	1	0	213	230	85	102	1.47e-04	33.9
7_39	7_11	51.111	45	10	1	201	233	707	751	2.11e-04	33.5
7_39	7_19	94.444	18	1	0	216	233	25	42	2.76e-06	38.5
7_39	7_19	88.889	18	2	0	214	231	27	44	1.35e-05	36.6
7_39	7_25	85.000	20	3	0	214	233	8	27	3.01e-06	38.1
7_39	7_25	100.000	18	0	0	214	231	12	29	5.44e-06	37.4
7_39	7_25	64.000	25	9	0	203	227	5	29	3.08e-04	32.0
7_39	7_25	70.000	20	6	0	214	233	4	23	4.85e-04	31.6
7_39	7_25	35.417	48	28	1	121	168	95	139	5.32e-04	31.6
7_39	7_43	82.609	23	4	0	211	233	13	35	3.51e-06	38.9
7_39	7_43	57.895	38	10	1	193	230	5	36	1.48e-04	33.9
7_39	7_43	48.571	35	17	1	200	233	52	86	1.94e-04	33.5
7_39	7_43	62.069	29	11	0	201	229	33	61	2.95e-04	33.1
7_39	7_43	50.000	44	12	1	200	233	18	61	4.69e-04	32.3
7_39	7_3	30.303	66	43	1	103	168	88	150	8.98e-06	37.0
7_39	7_32	36.957	46	29	0	123	168	73	118	2.35e-05	36.2
7_39	7_26	50.000	38	19	0	131	168	88	125	2.47e-05	35.8
7_39	7_6	60.606	33	13	0	200	232	418	450	4.85e-05	35.4
7_39	7_6	60.000	35	12	1	201	233	343	377	5.70e-05	35.4
7_39	7_6	66.667	33	9	1	201	231	468	500	1.07e-04	34.3
7_39	7_6	64.865	37	7	2	201	233	311	345	1.42e-04	33.9
7_39	7_6	94.444	18	1	0	215	232	456	473	1.59e-04	33.9
7_39	7_6	59.459	37	11	1	201	233	363	399	1.64e-04	33.9
7_39	7_6	94.444	18	1	0	216	233	240	257	1.80e-04	33.9
7_39	7_6	60.000	35	10	1	203	233	405	439	2.20e-04	33.5
7_39	7_6	67.742	31	8	1	200	230	262	290	2.65e-04	33.1
7_39	7_6	58.333	36	11	1	201	232	367	402	2.93e-04	33.1
7_39	7_6	59.459	37	11	1	201	233	411	447	3.03e-04	33.1
7_39	7_6	68.750	32	6	1	206	233	298	329	3.75e-04	32.7
7_39	7_6	100.000	17	0	0	214	230	242	258	3.92e-04	32.7
7_39	7_6	63.636	33	10	1	201	233	425	455	5.07e-04	32.3
7_39	7_6	71.429	28	6	1	208	233	453	480	8.25e-04	31.6
7_39	7_6	57.143	35	13	1	201	233	375	409	8.86e-04	31.6
7_39	7_5	37.838	37	23	0	132	168	322	358	1.61e-04	33.5
7_39	7_17	40.541	37	22	0	119	155	36	72	1.69e-04	33.5
7_39	7_21	32.609	46	31	0	123	168	302	347	2.07e-04	33.5
7_40	7_40	100.000	225	0	0	1	225	1	225	2.31e-169	457
7_40	7_39	96.567	233	0	1	1	225	1	233	6.90e-166	449
7_40	7_30	48.980	49	25	0	112	160	74	122	2.75e-11	53.1
7_40	7_46	42.857	63	36	0	98	160	35	97	1.07e-09	48.1
7_40	7_46	100.000	18	0	0	206	223	13	30	5.38e-06	37.4
7_40	7_46	94.118	17	1	0	209	225	12	28	4.68e-05	34.7
7_40	7_34	35.616	73	42	1	93	160	113	185	2.72e-09	47.8
7_40	7_18	36.986	73	43	1	91	160	72	144	1.42e-08	45.1
7_40	7_27	46.667	45	24	0	116	160	26	70	1.45e-08	44.3
7_40	7_37	39.216	51	31	0	110	160	61	111	2.78e-08	44.3
7_40	7_2	30.882	136	59	4	113	224	128	252	3.40e-08	45.1
7_40	7_2	55.882	34	15	0	192	225	561	594	1.35e-05	37.0
7_40	7_2	61.290	31	12	0	195	225	556	586	1.74e-05	36.6
7_40	7_2	61.765	34	13	0	192	225	565	598	4.55e-05	35.4
7_40	7_2	55.882	34	15	0	192	225	609	642	8.67e-05	34.7
7_40	7_2	61.765	34	13	0	192	225	585	618	1.30e-04	33.9
7_40	7_2	100.000	18	0	0	206	223	365	382	1.55e-04	33.9
7_40	7_2	55.556	36	14	1	192	225	663	698	3.11e-04	32.7
7_40	7_2	55.882	34	15	0	192	225	581	614	3.43e-04	32.7
7_40	7_2	52.941	34	16	0	192	225	573	606	5.96e-04	32.0
7_40	7_2	56.757	37	12	1	193	225	658	694	7.19e-04	31.6
7_40	7_2	55.882	34	15	0	192	225	577	610	8.29e-04	31.6
7_40	7_2	60.000	35	10	1	195	225	652	686	0.001	31.2
7_40	7_12	45.833	48	26	0	113	160	87	134	1.24e-07	42.4
7_40	7_12	84.211	19	3	0	205	223	2	20	7.02e-05	34.3
7_40	7_49	45.652	46	25	0	115	160	98	143	1.85e-07	42.7
7_40	7_47	29.167	72	48	1	92	160	106	177	4.24e-07	41.6
7_40	7_38	37.069	116	63	4	113	225	14	122	1.40e-06	40.0
7_40	7_38	68.966	29	7	1	197	223	164	192	3.54e-04	32.3
7_40	7_38	76.000	25	2	1	205	225	160	184	8.08e-04	31.6
7_40	7_11	67.742	31	10	0	195	225	760	790	1.44e-06	40.0
7_40	7_11	62.500	32	12	0	193	224	703	734	1.50e-05	37.0
7_40	7_11	85.000	20	3	0	206	225	775	794	1.79e-05	36.6
7_40	7_11	94.444	18	1	0	205	222	85	102	1.28e-04	34.3
7_40	7_11	51.111	45	10	1	193	225	707	751	1.78e-04	33.5
7_40	7_11	54.545	33	15	0	193	225	619	651	0.001	31.6
7_40	7_11	56.250	32	14	0	192	223	722	753	0.001	31.2
7_40	7_28	42.857	49	27	1	112	160	191	238	1.46e-06	40.0
7_40	7_4	29.114	79	52	1	107	185	224	298	1.57e-06	39.7
7_40	7_19	94.444	18	1	0	208	225	25	42	2.24e-06	38.9
7_40	7_19	88.889	18	2	0	206	223	27	44	1.01e-05	36.6
7_40	7_25	80.952	21	4	0	205	225	7	27	2.34e-06	38.1
7_40	7_25	100.000	18	0	0	206	223	12	29	4.54e-06	37.4
7_40	7_25	64.000	25	9	0	195	219	5	29	2.42e-04	32.3
7_40	7_25	70.000	20	6	0	206	225	4	23	4.04e-04	31.6
7_40	7_25	35.417	48	28	1	113	160	95	139	5.10e-04	31.2
7_40	7_43	82.609	23	4	0	203	225	13	35	3.09e-06	38.9
7_40	7_43	100.000	17	0	0	206	222	20	36	1.36e-04	33.9
7_40	7_43	48.571	35	17	1	192	225	52	86	1.61e-04	33.5
7_40	7_43	62.069	29	11	0	193	221	33	61	2.74e-04	33.1
7_40	7_43	50.000	44	12	1	192	225	18	61	4.28e-04	32.3
7_40	7_31	28.000	75	47	1	92	159	21	95	3.75e-06	38.5
7_40	7_3	39.535	43	26	0	118	160	108	150	1.32e-05	36.2
7_40	7_5	23.656	93	69	1	70	160	266	358	2.06e-05	36.2
7_40	7_26	50.000	38	19	0	123	160	88	125	2.08e-05	35.8
7_40	7_32	36.957	46	29	0	115	160	73	118	2.46e-05	36.2
7_40	7_6	60.606	33	13	0	192	224	418	450	4.55e-05	35.4
7_40	7_6	60.000	35	12	1	193	225	343	377	5.06e-05	35.4
7_40	7_6	66.667	33	9	1	193	223	468	500	9.46e-05	34.7
7_40	7_6	64.865	37	7	2	193	225	311	345	1.18e-04	34.3
7_40	7_6	94.444	18	1	0	207	224	456	473	1.43e-04	33.9
7_40	7_6	59.459	37	11	1	193	225	363	399	1.48e-04	33.9
7_40	7_6	94.444	18	1	0	208	225	240	257	1.63e-04	33.9
7_40	7_6	60.000	35	10	1	195	225	405	439	1.95e-04	33.5
7_40	7_6	67.742	31	8	1	192	222	262	290	2.50e-04	33.1
7_40	7_6	58.333	36	11	1	193	224	367	402	2.59e-04	33.1
7_40	7_6	59.459	37	11	1	193	225	411	447	2.76e-04	33.1
7_40	7_6	68.750	32	6	1	198	225	298	329	3.27e-04	32.7
7_40	7_6	100.000	17	0	0	206	222	242	258	3.54e-04	32.7
7_40	7_6	85.000	20	3	0	206	225	436	455	4.50e-04	32.3
7_40	7_6	71.429	28	6	1	200	225	453	480	6.96e-04	32.0
7_40	7_6	57.143	35	13	1	193	225	375	409	8.09e-04	31.6
7_40	7_6	64.286	28	10	0	192	219	586	613	0.001	31.6
7_40	7_17	40.541	37	22	0	111	147	36	72	1.76e-04	33.5
7_40	7_21	32.609	46	31	0	115	160	302	347	1.84e-04	33.5
7_41	7_41	100.000	173	0	0	1	173	1	173	2.81e-123	337
7_42	7_42	100.000	295	0	0	1	295	1	295	0.0	582
7_42	7_45	39.535	86	45	2	69	154	523	601	3.03e-13	61.6
7_42	7_32	41.429	70	38	1	72	141	69	135	2.29e-12	58.5
7_42	7_6	31.683	101	61	2	78	178	50	142	3.48e-12	58.5
7_42	7_21	46.429	56	30	0	80	135	306	361	3.88e-12	58.2
7_42	7_29	49.020	51	26	0	80	130	120	170	7.07e-12	55.1
7_42	7_1	39.726	73	39	1	89	161	463	530	2.01e-11	55.8
7_42	7_4	41.379	58	34	0	79	136	235	292	1.39e-10	52.8
7_42	7_3	34.783	69	42	1	73	141	102	167	1.03e-09	48.9
7_42	7_36	44.444	54	30	0	82	135	2	55	1.65e-09	48.5
7_42	7_49	37.705	61	38	0	79	139	101	161	2.01e-09	49.7
7_42	7_19	43.860	57	32	0	79	135	76	132	2.49e-09	48.1
7_42	7_7	36.066	61	39	0	76	136	484	544	2.46e-08	46.2
7_42	7_15	36.842	57	36	0	79	135	1000	1056	2.79e-08	46.2
7_42	7_16	36.842	57	36	0	79	135	1018	1074	2.83e-08	46.2
7_42	7_47	40.741	54	32	0	73	126	129	182	3.13e-08	45.8
7_42	7_14	29.412	102	63	4	69	169	183	276	7.37e-08	44.7
7_42	7_31	33.898	59	39	0	79	137	54	112	1.09e-07	43.9
7_42	7_25	33.333	66	44	0	75	140	93	158	2.65e-07	41.6
7_42	7_12	35.000	60	39	0	76	135	89	148	3.53e-07	42.0
7_42	7_34	34.426	61	40	0	79	139	143	203	4.52e-07	42.0
7_42	7_22	30.769	78	39	2	79	141	94	171	6.25e-07	41.2
7_42	7_46	31.579	57	39	0	79	135	55	111	3.50e-06	38.5
7_42	7_5	30.263	76	44	1	85	160	322	388	4.50e-06	38.9
7_42	7_18	37.288	59	33	2	79	135	102	158	8.38e-06	37.7
7_42	7_38	51.613	31	15	0	108	138	43	73	1.63e-05	37.4
7_42	7_28	36.957	46	29	0	78	123	195	240	3.86e-05	36.2
7_42	7_35	35.417	48	31	0	97	144	17	64	4.40e-05	35.4
7_42	7_37	30.208	96	56	4	82	170	72	163	6.09e-05	35.0
7_42	7_0	31.667	60	41	0	79	138	434	493	6.21e-05	35.4
7_42	7_27	30.882	68	44	1	79	143	28	95	7.38e-05	34.3
7_42	7_13	28.037	107	63	5	68	174	9	101	7.69e-05	35.0
7_42	7_43	36.170	47	30	0	77	123	391	437	1.61e-04	34.3
7_42	7_20	34.848	66	40	2	77	140	75	139	2.36e-04	33.5
7_42	7_23	22.843	197	114	6	72	255	223	394	6.12e-04	32.3
7_43	7_43	100.000	552	0	0	1	552	1	552	0.0	1035
7_43	7_6	39.465	299	118	13	15	285	241	504	2.03e-21	90.1
7_43	7_6	45.408	196	79	7	9	176	355	550	1.05e-18	81.3
7_43	7_6	59.574	47	19	0	391	437	49	95	2.96e-14	67.0
7_43	7_6	42.069	145	68	6	48	188	240	372	3.23e-12	60.5
7_43	7_6	38.125	160	55	4	17	132	456	615	4.03e-10	53.9
7_43	7_6	57.692	52	15	2	23	74	583	627	6.17e-05	37.0
7_43	7_47	45.000	80	43	1	359	437	100	179	2.66e-17	76.3
7_43	7_11	40.000	220	110	10	15	227	89	293	3.48e-17	76.6
7_43	7_11	44.118	136	52	4	15	138	681	804	2.78e-15	70.5
7_43	7_11	31.356	236	117	8	16	250	606	797	7.97e-13	62.8
7_43	7_11	51.471	68	12	2	13	65	737	798	2.53e-07	44.7
7_43	7_11	25.681	257	143	10	16	248	496	728	1.27e-05	39.3
7_43	7_11	39.583	96	34	5	17	88	243	338	7.75e-05	37.0
7_43	7_32	68.085	47	15	0	391	437	74	120	5.78e-17	74.7
7_43	7_28	35.398	113	56	2	325	437	145	240	2.89e-15	69.7
7_43	7_2	59.574	47	19	0	391	437	131	177	5.17e-15	69.3
7_43	7_2	40.437	183	68	7	15	165	594	767	2.41e-12	60.8
7_43	7_2	55.172	87	35	3	17	102	362	445	2.99e-10	54.3
7_43	7_2	51.515	99	25	4	13	88	676	774	1.88e-09	51.6
7_43	7_2	57.353	68	20	2	15	82	718	776	2.57e-09	51.2
7_43	7_2	46.667	105	29	3	9	86	660	764	1.23e-08	48.9
7_43	7_21	54.545	44	20	0	394	437	306	349	9.15e-10	52.4
7_43	7_1	44.643	56	24	2	401	449	461	516	9.78e-10	52.4
7_43	7_38	45.794	107	43	4	15	106	99	205	1.22e-09	51.6
7_43	7_25	77.778	27	6	0	16	42	8	34	1.60e-06	40.4
7_43	7_25	58.333	36	5	1	16	51	4	29	3.75e-04	33.1
7_43	7_19	74.074	27	7	0	15	41	26	52	2.82e-06	40.0
7_43	7_19	75.862	29	6	1	8	35	14	42	2.48e-05	37.4
7_43	7_19	55.556	36	6	1	30	65	25	50	4.74e-04	33.5
7_43	7_35	53.571	28	13	0	410	437	16	43	4.79e-06	39.7
7_43	7_27	33.333	48	32	0	390	437	25	72	6.26e-06	38.1
7_43	7_3	39.655	58	31	1	389	442	104	161	7.82e-06	38.5
7_43	7_40	82.609	23	4	0	13	35	203	225	1.26e-05	38.1
7_43	7_40	100.000	17	0	0	20	36	206	222	4.25e-04	33.5
7_43	7_39	82.609	23	4	0	13	35	211	233	1.34e-05	38.1
7_43	7_39	100.000	17	0	0	20	36	214	230	4.76e-04	33.5
7_43	7_12	55.814	43	14	1	45	87	2	39	2.08e-05	37.7
7_43	7_49	44.444	45	25	0	393	437	101	145	2.56e-05	38.1
7_43	7_46	100.000	19	0	0	15	33	12	30	4.18e-05	36.6
7_43	7_46	79.167	24	5	0	19	42	12	35	1.47e-04	34.7
7_43	7_31	42.222	45	26	0	393	437	54	98	1.03e-04	35.8
7_43	7_4	40.323	62	33	1	390	447	232	293	1.24e-04	35.4
7_43	7_17	43.243	37	17	1	380	416	34	66	2.11e-04	35.0
7_43	7_42	33.898	59	35	1	393	447	79	137	2.59e-04	34.7
7_43	7_36	38.095	42	26	0	396	437	2	43	6.12e-04	33.1
7_44	7_44	100.000	186	0	0	1	186	1	186	9.91e-144	390
7_44	7_15	41.667	48	28	0	130	177	1006	1053	1.65e-07	42.4
7_44	7_16	41.667	48	28	0	130	177	1024	1071	1.78e-07	42.0
7_44	7_8	40.000	55	22	1	143	186	937	991	5.31e-07	40.8
7_44	7_9	40.000	55	22	1	143	186	930	984	6.82e-07	40.4
7_44	7_14	42.553	47	24	1	134	177	201	247	1.18e-06	39.7
7_44	7_29	35.714	56	32	1	124	175	115	170	2.19e-06	38.1
7_44	7_24	50.000	32	16	0	146	177	16	47	2.27e-06	38.5
7_44	7_13	42.553	47	24	1	134	177	26	72	4.16e-06	37.7
7_44	7_18	40.000	40	24	0	138	177	116	155	1.01e-05	36.2
7_44	7_32	45.000	40	22	0	147	186	99	138	7.21e-05	34.3
7_44	7_49	36.170	47	30	0	138	184	115	161	8.85e-05	33.9
7_44	7_22	27.419	62	30	1	130	176	100	161	2.03e-04	32.7
7_44	7_6	30.000	50	35	0	130	179	57	106	2.09e-04	32.7
7_44	7_36	32.000	50	34	0	130	179	5	54	2.22e-04	32.3
7_44	7_1	39.394	33	20	0	147	179	476	508	3.30e-04	32.3
7_44	7_21	35.000	40	26	0	138	177	319	358	6.27e-04	31.2
7_44	7_31	33.333	75	37	3	105	179	48	109	6.32e-04	31.2
7_44	7_7	27.273	55	40	0	125	179	488	542	6.46e-04	31.2
7_44	7_37	29.091	55	39	0	123	177	68	122	6.63e-04	30.8
7_44	7_38	42.424	33	19	0	147	179	37	69	8.38e-04	30.8
7_45	7_45	100.000	1212	0	0	1	1212	1	1212	0.0	2493
7_45	7_19	41.270	63	37	0	526	588	70	132	9.32e-12	57.8
7_45	7_42	39.535	86	45	2	523	601	69	154	1.45e-11	58.5
7_45	7_36	43.636	55	31	0	534	588	1	55	6.16e-11	55.1
7_45	7_29	26.812	138	75	4	469	583	36	170	6.21e-08	45.8
7_45	7_21	36.667	60	38	0	530	589	303	362	1.71e-06	43.1
7_45	7_7	25.397	63	47	0	526	588	481	543	1.87e-05	40.0
7_45	7_31	26.923	78	49	3	523	595	43	117	2.76e-05	38.9
7_45	7_4	30.769	65	44	1	524	588	228	291	8.31e-05	37.4
7_45	7_6	29.630	81	52	1	530	610	49	124	8.84e-05	37.7
7_45	7_32	30.556	72	48	1	518	589	64	133	1.06e-04	37.4
7_45	7_16	26.316	57	42	0	533	589	1019	1075	1.78e-04	37.0
7_45	7_37	33.962	53	35	0	535	587	72	124	1.85e-04	35.8
7_45	7_15	26.316	57	42	0	533	589	1001	1057	1.89e-04	37.0
7_46	7_46	100.000	201	0	0	1	201	1	201	1.57e-154	418
7_46	7_12	43.624	149	37	4	12	113	2	150	5.66e-28	97.8
7_46	7_27	55.263	76	31	1	50	125	26	98	2.03e-22	81.3
7_46	7_49	57.143	63	27	0	52	114	98	160	1.93e-19	77.4
7_46	7_37	50.667	75	32	2	53	124	64	136	2.44e-19	74.7
7_46	7_26	50.667	75	32	2	61	134	89	159	5.78e-19	73.6
7_46	7_18	60.000	60	24	0	52	111	99	158	2.69e-18	72.0
7_46	7_25	34.965	143	50	1	12	111	11	153	5.15e-17	67.8
7_46	7_25	88.889	18	2	0	13	30	8	25	2.97e-05	34.7
7_46	7_31	55.172	58	26	0	55	112	54	111	1.23e-16	68.6
7_46	7_19	39.640	111	60	3	8	111	22	132	1.88e-16	67.0
7_46	7_34	42.105	76	44	0	37	112	125	200	8.74e-16	66.2
7_46	7_38	52.542	59	28	0	53	111	12	70	1.09e-15	66.2
7_46	7_38	61.765	34	9	1	1	30	149	182	7.71e-04	31.2
7_46	7_38	93.750	16	1	0	15	30	171	186	0.001	30.8
7_46	7_32	40.217	92	52	2	40	130	60	149	1.27e-15	66.2
7_46	7_21	35.252	139	76	7	47	183	298	424	1.38e-15	66.2
7_46	7_5	54.545	55	25	0	60	114	321	375	1.70e-15	65.9
7_46	7_4	40.000	80	42	2	50	123	228	307	1.62e-14	62.8
7_46	7_30	49.254	67	28	1	45	111	70	130	4.15e-14	60.5
7_46	7_6	39.344	61	37	0	52	112	48	108	3.73e-13	59.3
7_46	7_6	60.000	30	12	0	1	30	443	472	8.94e-05	34.3
7_46	7_6	100.000	18	0	0	12	29	241	258	1.17e-04	33.9
7_46	7_6	100.000	17	0	0	14	30	433	449	2.84e-04	32.7
7_46	7_6	59.375	32	13	0	15	46	485	516	3.72e-04	32.3
7_46	7_6	81.818	22	4	0	12	33	435	456	4.45e-04	32.0
7_46	7_6	89.474	19	2	0	12	30	458	476	0.001	31.2
7_46	7_6	100.000	16	0	0	15	30	240	255	0.001	31.2
7_46	7_6	100.000	16	0	0	15	30	598	613	0.001	31.2
7_46	7_6	88.889	18	2	0	12	29	273	290	0.001	31.2
7_46	7_3	34.615	78	47	1	50	123	103	180	1.76e-12	55.8
7_46	7_11	35.652	115	58	3	14	116	717	827	2.84e-11	53.9
7_46	7_11	90.000	20	2	0	10	29	83	102	1.10e-04	33.9
7_46	7_1	46.809	47	25	0	65	111	463	509	4.97e-10	50.1
7_46	7_40	42.857	63	36	0	35	97	98	160	9.60e-10	48.1
7_46	7_40	100.000	18	0	0	13	30	206	223	4.81e-06	37.4
7_46	7_40	94.118	17	1	0	12	28	209	225	4.18e-05	34.7
7_46	7_39	50.000	48	24	0	50	97	121	168	1.20e-09	48.1
7_46	7_39	100.000	18	0	0	13	30	214	231	5.33e-06	37.4
7_46	7_39	94.118	17	1	0	12	28	217	233	4.53e-05	34.7
7_46	7_35	42.500	40	23	0	73	112	17	56	1.09e-08	45.1
7_46	7_28	35.000	60	39	0	40	99	181	240	3.43e-08	44.3
7_46	7_36	36.364	55	35	0	58	112	2	56	1.17e-07	42.0
7_46	7_2	40.351	57	32	1	43	99	123	177	2.74e-07	42.0
7_46	7_2	66.667	30	10	0	1	30	222	251	1.18e-04	33.9
7_46	7_2	94.737	19	1	0	12	30	364	382	1.18e-04	33.9
7_46	7_2	89.474	19	2	0	12	30	570	588	2.79e-04	32.7
7_46	7_2	84.211	19	3	0	12	30	566	584	7.11e-04	31.6
7_46	7_2	84.211	19	3	0	12	30	574	592	7.11e-04	31.6
7_46	7_2	84.211	19	3	0	12	30	578	596	7.11e-04	31.6
7_46	7_2	84.211	19	3	0	12	30	582	600	7.11e-04	31.6
7_46	7_2	84.211	19	3	0	12	30	586	604	7.11e-04	31.6
7_46	7_2	84.211	19	3	0	12	30	622	640	7.11e-04	31.6
7_46	7_2	84.211	19	3	0	12	30	626	644	7.11e-04	31.6
7_46	7_2	60.000	30	11	1	1	30	746	774	0.001	31.2
7_46	7_0	31.343	67	46	0	45	111	424	490	7.49e-07	40.4
7_46	7_47	38.333	60	36	1	43	102	124	182	1.25e-06	39.7
7_46	7_7	36.842	57	36	0	55	111	487	543	9.62e-06	37.0
7_46	7_43	100.000	19	0	0	12	30	15	33	1.09e-05	37.0
7_46	7_43	100.000	18	0	0	12	29	19	36	3.97e-05	35.0
7_46	7_43	35.556	45	29	0	55	99	393	437	2.97e-04	32.3
7_46	7_42	31.579	57	39	0	55	111	79	135	1.78e-05	35.8
7_46	7_16	30.508	59	41	0	54	112	1017	1075	3.17e-05	35.8
7_46	7_15	30.508	59	41	0	54	112	999	1057	3.20e-05	35.8
7_46	7_22	26.923	78	42	1	54	116	93	170	6.10e-05	34.3
7_46	7_17	41.176	34	20	0	52	85	40	73	3.84e-04	32.0
7_47	7_47	100.000	487	0	0	1	487	1	487	0.0	931
7_47	7_28	43.269	104	51	3	76	179	145	240	1.03e-20	86.3
7_47	7_32	61.290	62	24	0	121	182	62	123	2.40e-20	84.7
7_47	7_6	53.226	62	29	0	121	182	37	98	1.50e-16	73.9
7_47	7_6	24.776	335	167	16	58	368	108	381	7.52e-06	39.7
7_47	7_2	57.407	54	21	1	128	179	124	177	1.03e-15	71.2
7_47	7_21	53.704	54	25	0	129	182	299	352	2.57e-15	69.7
7_47	7_43	45.333	75	40	1	105	179	364	437	1.22e-14	67.4
7_47	7_1	60.526	38	15	0	145	182	463	500	8.34e-11	55.5
7_47	7_35	60.000	30	12	0	153	182	17	46	5.76e-08	45.1
7_47	7_49	43.137	51	29	0	132	182	98	148	1.10e-07	45.4
7_47	7_40	29.167	72	48	1	106	177	92	160	8.08e-07	41.6
7_47	7_39	38.000	50	31	0	128	177	119	168	1.02e-06	41.6
7_47	7_12	32.955	88	47	1	107	182	52	139	1.27e-06	41.2
7_47	7_42	40.741	54	32	0	129	182	73	126	1.82e-06	41.2
7_47	7_46	40.351	57	33	1	124	179	43	99	2.73e-06	39.7
7_47	7_11	26.271	354	200	12	113	415	25	368	3.44e-06	40.8
7_47	7_11	31.206	141	79	5	243	371	582	716	3.63e-04	34.3
7_47	7_34	32.394	71	44	1	116	182	120	190	1.26e-05	38.5
7_47	7_37	32.759	58	36	1	128	182	59	116	5.83e-05	35.8
7_47	7_3	34.426	61	37	1	122	182	98	155	6.01e-05	35.8
7_47	7_27	32.143	56	38	0	127	182	20	75	6.09e-05	35.0
7_47	7_31	34.000	50	33	0	133	182	52	101	3.10e-04	33.9
7_47	7_4	35.714	56	36	0	127	182	227	282	3.21e-04	33.9
7_47	7_18	38.298	47	29	0	132	178	99	145	4.55e-04	33.1
7_47	7_5	40.909	44	26	0	139	182	320	363	0.001	32.7
7_48	7_48	100.000	988	0	0	1	988	1	988	0.0	2044
7_49	7_49	100.000	568	0	0	1	568	1	568	0.0	992
7_49	7_46	57.143	63	27	0	98	160	52	114	3.51e-20	80.9
7_49	7_27	44.086	93	49	2	79	170	8	98	8.02e-19	75.5
7_49	7_6	24.605	569	268	25	97	567	47	552	4.00e-18	79.7
7_49	7_38	46.053	76	38	1	85	160	1	73	2.91e-17	75.9
7_49	7_1	37.079	89	45	2	110	190	462	547	2.55e-16	73.6
7_49	7_12	56.667	60	26	0	99	158	90	149	3.90e-16	69.7
7_49	7_31	50.847	59	29	0	101	159	54	112	1.09e-15	69.3
7_49	7_3	42.667	75	34	1	92	157	90	164	6.46e-15	65.5
7_49	7_32	45.455	66	36	0	98	163	73	138	1.51e-14	67.4
7_49	7_5	54.545	55	25	0	106	160	321	375	2.05e-14	67.0
7_49	7_34	46.053	76	39	1	87	162	131	204	5.91e-14	64.3
7_49	7_26	57.143	56	24	0	107	162	89	144	8.93e-14	62.4
7_49	7_25	35.065	77	50	0	99	175	95	171	5.17e-13	59.3
7_49	7_4	46.032	63	32	1	98	158	230	292	7.42e-13	61.2
7_49	7_37	44.304	79	38	2	99	174	64	139	1.21e-12	59.3
7_49	7_2	51.064	47	23	0	99	145	131	177	3.13e-10	54.3
7_49	7_18	46.032	63	33	1	95	157	97	158	3.74e-10	52.0
7_49	7_30	44.000	75	34	2	85	159	66	132	5.65e-10	51.2
7_49	7_21	44.828	58	32	0	102	159	306	363	9.00e-10	52.4
7_49	7_36	41.270	63	35	1	103	163	1	63	3.77e-09	48.5
7_49	7_47	34.146	82	51	1	67	148	104	182	8.24e-09	49.3
7_49	7_42	37.705	61	38	0	101	161	79	139	1.35e-08	48.1
7_49	7_28	47.917	48	25	0	98	145	193	240	1.07e-07	45.8
7_49	7_35	36.842	57	35	1	118	173	16	72	1.61e-07	43.9
7_49	7_17	51.515	33	16	0	98	130	40	72	1.95e-07	44.7
7_49	7_0	43.860	57	31	1	96	152	430	485	3.12e-07	44.3
7_49	7_19	33.333	84	54	1	99	180	74	157	6.67e-07	42.0
7_49	7_39	43.103	58	26	2	86	143	118	168	8.21e-07	42.0
7_49	7_40	43.103	58	26	2	86	143	110	160	1.09e-06	41.6
7_49	7_43	44.444	45	25	0	101	145	393	437	1.57e-06	42.0
7_49	7_11	46.875	32	14	1	143	174	808	836	2.29e-06	42.0
7_49	7_11	27.500	200	119	6	379	567	89	273	4.46e-06	40.8
7_49	7_11	26.333	300	166	13	272	567	73	321	6.61e-05	37.0
7_49	7_11	25.275	182	105	7	399	566	618	782	1.82e-04	35.8
7_49	7_11	32.353	68	39	2	508	568	582	649	4.24e-04	34.3
7_49	7_14	31.707	82	51	2	119	200	212	288	2.72e-04	35.0
7_49	7_7	33.898	59	39	0	101	159	487	545	4.48e-04	34.3
