6_0	7_6	45.556	90	48	1	70	158	48	137	2.07e-22	90.1
6_0	7_32	53.333	60	28	0	70	129	73	132	3.44e-17	73.6
6_0	7_1	57.143	56	23	1	83	137	463	518	6.05e-17	73.2
6_0	7_35	52.703	74	27	2	91	163	17	83	6.56e-17	70.5
6_0	7_21	53.226	62	29	0	70	131	302	363	1.03e-16	72.4
6_0	7_46	33.333	84	52	2	60	142	45	125	1.14e-12	58.2
6_0	7_31	39.683	63	38	0	73	135	54	116	1.00e-11	56.2
6_0	7_12	36.364	77	44	1	71	147	90	161	1.86e-11	54.7
6_0	7_19	39.130	69	42	0	61	129	64	132	5.79e-11	53.1
6_0	7_49	40.000	60	36	0	70	129	98	157	9.80e-11	53.9
6_0	7_28	45.455	55	29	1	64	117	186	240	1.97e-10	53.1
6_0	7_47	33.010	103	59	3	43	145	114	206	4.95e-10	51.6
6_0	7_34	31.325	83	54	1	47	129	120	199	1.18e-09	50.1
6_0	7_4	38.596	57	35	0	73	129	235	291	1.91e-09	49.7
6_0	7_3	38.596	57	35	0	73	129	108	164	1.98e-09	48.5
6_0	7_18	29.592	98	62	1	70	160	99	196	3.81e-09	47.8
6_0	7_2	44.000	50	28	0	68	117	128	177	3.95e-09	49.3
6_0	7_22	29.670	91	46	2	73	148	94	181	1.27e-08	46.6
6_0	7_36	38.596	57	35	0	76	132	2	58	1.94e-08	45.4
6_0	7_25	36.508	63	37	1	67	129	94	153	2.14e-08	45.1
6_0	7_37	33.898	59	39	0	70	128	66	124	4.09e-08	44.7
6_0	7_27	30.508	59	41	0	71	129	26	84	5.59e-08	43.5
6_0	7_43	43.478	46	26	0	72	117	392	437	7.94e-08	45.1
6_0	7_26	23.333	90	49	1	60	129	50	139	1.43e-07	43.1
6_0	7_45	35.593	59	38	0	71	129	530	588	2.33e-07	43.9
6_0	7_0	30.508	59	41	0	66	124	427	485	2.58e-07	43.1
6_0	7_42	35.088	57	37	0	73	129	79	135	2.82e-07	42.7
6_0	7_29	37.255	51	32	0	74	124	120	170	3.65e-07	41.6
6_0	7_30	36.585	82	38	2	71	144	78	153	4.17e-07	41.6
6_0	7_5	32.692	52	35	0	78	129	321	372	5.99e-07	42.0
6_0	7_7	27.941	68	48	1	62	129	477	543	1.01e-04	35.4
6_0	7_16	26.316	57	42	0	73	129	1018	1074	2.67e-04	33.9
6_0	7_15	26.316	57	42	0	73	129	1000	1056	2.73e-04	33.9
6_0	7_38	40.000	30	18	0	102	131	43	72	7.47e-04	32.3
6_1	7_24	53.448	116	54	0	38	153	1	116	3.85e-37	128
6_1	7_24	39.706	68	36	3	279	345	162	225	1.54e-07	43.9
6_1	7_13	58.730	63	25	1	24	86	13	74	7.11e-19	79.3
6_1	7_14	60.714	56	22	0	31	86	194	249	2.55e-18	78.2
6_1	7_9	47.273	55	26	1	53	104	933	987	1.82e-09	50.8
6_1	7_8	48.077	52	24	1	53	101	940	991	1.90e-09	50.8
6_1	7_10	79.167	24	5	0	63	86	2	25	5.61e-07	42.7
6_1	7_44	41.026	39	20	1	42	80	138	173	1.83e-04	33.9
6_1	7_22	23.585	106	55	2	4	94	78	172	2.67e-04	33.9
6_1	7_12	41.026	39	23	0	48	86	109	147	3.75e-04	33.1
6_2	7_42	68.750	64	18	1	281	344	77	138	1.23e-25	98.2
6_2	7_32	41.667	84	45	1	266	349	61	140	4.69e-13	62.0
6_2	7_29	51.020	49	24	0	288	336	122	170	1.26e-12	58.2
6_2	7_29	45.000	40	22	0	92	131	2	41	8.74e-09	47.0
6_2	7_36	51.852	54	26	0	288	341	2	55	6.19e-12	56.6
6_2	7_19	50.000	54	27	0	288	341	79	132	3.58e-11	54.7
6_2	7_45	34.884	86	54	2	257	341	504	588	1.31e-10	55.1
6_2	7_21	46.296	54	29	0	288	341	308	361	3.64e-10	53.1
6_2	7_6	44.068	59	33	0	283	341	49	107	7.45e-10	52.4
6_2	7_1	46.809	47	25	0	295	341	463	509	6.69e-09	49.3
6_2	7_7	36.364	66	42	0	283	348	485	550	1.40e-08	48.1
6_2	7_4	38.028	71	41	1	276	346	226	293	1.74e-08	47.4
6_2	7_25	31.250	80	52	1	272	351	87	163	5.95e-08	44.3
6_2	7_34	31.250	96	60	2	249	344	113	202	6.16e-08	45.4
6_2	7_12	28.926	121	71	3	235	341	29	148	8.08e-08	44.7
6_2	7_3	33.333	66	44	0	276	341	99	164	1.19e-07	43.9
6_2	7_49	41.071	56	33	0	288	343	104	159	2.10e-07	44.3
6_2	7_38	51.515	33	16	0	314	346	43	75	7.75e-07	42.4
6_2	7_35	48.000	50	25	1	296	345	11	59	1.35e-06	40.8
6_2	7_31	33.333	66	44	0	278	343	47	112	4.54e-06	39.7
6_2	7_37	32.857	70	44	1	281	350	68	134	1.46e-05	37.7
6_2	7_27	33.898	59	39	0	283	341	26	84	1.47e-05	37.0
6_2	7_20	30.000	80	51	2	278	355	72	148	1.72e-05	37.7
6_2	7_18	35.593	59	38	0	283	341	100	158	1.78e-05	37.4
6_2	7_5	33.333	51	34	0	293	343	324	374	3.86e-05	37.0
6_2	7_47	32.222	90	53	3	243	332	101	182	4.46e-05	37.0
6_2	7_0	24.719	89	61	1	266	348	409	497	4.90e-05	37.0
6_2	7_46	32.203	59	40	0	283	341	53	111	6.53e-05	35.4
6_2	7_16	28.125	64	44	1	280	343	1015	1076	6.81e-05	36.6
6_2	7_43	37.143	70	43	1	261	329	368	437	7.02e-05	36.2
6_2	7_15	25.424	59	44	0	285	343	1000	1058	7.03e-05	36.6
6_2	7_22	27.273	77	38	2	288	349	97	170	7.45e-05	35.8
6_2	7_14	27.368	95	60	2	275	369	184	269	2.85e-04	34.3
6_2	7_28	33.333	78	46	2	254	329	167	240	3.13e-04	34.3
6_3	7_6	63.492	63	23	0	42	104	48	110	1.82e-24	95.5
6_3	7_32	62.121	66	22	1	42	107	73	135	9.51e-23	89.7
6_3	7_21	60.938	64	25	0	39	102	299	362	1.70e-20	83.6
6_3	7_1	65.957	47	16	0	54	100	462	508	3.24e-18	76.6
6_3	7_35	68.085	47	13	1	58	104	14	58	2.01e-17	71.6
6_3	7_28	68.750	48	15	0	42	89	193	240	4.09e-16	70.1
6_3	7_2	63.830	47	17	0	43	89	131	177	5.25e-15	67.0
6_3	7_47	56.863	51	22	0	42	92	132	182	1.02e-13	62.8
6_3	7_12	46.552	58	31	0	43	100	90	147	3.58e-12	56.6
6_3	7_46	41.935	62	36	0	42	103	52	113	3.84e-12	56.2
6_3	7_31	48.214	56	29	0	43	98	52	107	6.22e-12	56.6
6_3	7_27	30.526	95	64	1	16	110	1	93	8.55e-12	54.3
6_3	7_43	52.174	46	22	0	44	89	392	437	1.50e-11	56.2
6_3	7_49	45.763	59	32	0	42	100	98	156	2.06e-11	55.8
6_3	7_34	36.620	71	44	1	42	112	140	209	1.48e-10	52.8
6_3	7_19	41.379	58	34	0	43	100	74	131	2.42e-10	51.2
6_3	7_37	29.167	96	55	1	41	136	65	147	9.07e-10	49.7
6_3	7_36	43.396	53	30	0	48	100	2	54	5.55e-09	47.0
6_3	7_42	33.654	104	66	2	45	147	79	180	5.84e-09	47.8
6_3	7_4	32.099	81	48	1	44	124	234	307	9.60e-09	47.4
6_3	7_18	40.000	60	36	0	41	100	98	157	9.78e-09	46.6
6_3	7_3	35.088	57	37	0	44	100	107	163	5.95e-08	43.9
6_3	7_25	41.270	63	33	1	36	98	92	150	9.42e-08	43.1
6_3	7_29	31.169	77	49	1	20	96	98	170	2.65e-07	42.0
6_3	7_22	32.051	78	38	1	45	107	94	171	3.76e-07	42.0
6_3	7_26	37.255	51	32	0	50	100	88	138	6.92e-07	40.8
6_3	7_5	40.000	50	30	0	51	100	322	371	1.05e-06	41.2
6_3	7_0	29.688	64	45	0	41	104	430	493	1.14e-06	41.2
6_3	7_38	53.125	32	14	1	74	105	43	73	1.13e-05	37.7
6_3	7_45	29.688	64	45	0	43	106	530	593	3.37e-05	36.6
6_3	7_16	27.419	62	45	0	41	102	1014	1075	4.02e-04	33.5
6_3	7_15	27.419	62	45	0	41	102	996	1057	4.08e-04	33.1
6_3	7_7	28.358	67	48	0	34	100	476	542	0.001	32.0
6_4	7_7	47.134	157	75	3	268	420	392	544	3.59e-40	144
6_4	7_0	40.541	148	83	3	273	418	345	489	3.61e-29	111
6_4	7_19	38.806	67	41	0	353	419	66	132	1.06e-10	53.1
6_4	7_36	40.741	54	32	0	366	419	2	55	3.85e-09	48.1
6_4	7_42	36.111	72	45	1	363	434	79	149	4.70e-08	45.8
6_4	7_45	32.258	62	42	0	358	419	527	588	5.38e-08	46.6
6_4	7_31	29.630	81	53	1	345	425	40	116	2.75e-07	43.5
6_4	7_49	37.288	59	37	0	363	421	101	159	5.38e-06	39.7
6_4	7_46	29.412	119	79	3	313	428	2	118	6.04e-05	35.4
6_4	7_37	31.579	57	39	0	365	421	71	127	6.90e-05	35.4
6_4	7_29	33.333	51	34	0	364	414	120	170	9.01e-05	35.0
6_4	7_26	37.209	43	27	0	377	419	97	139	1.05e-04	35.0
6_4	7_32	25.373	67	50	0	353	419	66	132	1.90e-04	34.7
6_4	7_4	26.667	60	44	0	361	420	233	292	1.96e-04	34.7
6_4	7_12	27.778	72	49	1	363	434	92	160	2.65e-04	33.9
6_4	7_34	30.000	60	42	0	362	421	142	201	2.90e-04	33.9
6_4	7_21	29.310	58	41	0	362	419	304	361	2.97e-04	34.3
6_4	7_25	31.034	58	40	0	363	420	97	154	3.92e-04	32.7
6_4	7_3	30.508	59	41	0	361	419	106	164	7.07e-04	32.3
6_4	7_35	42.308	26	15	0	394	419	30	55	8.88e-04	32.3
6_5	7_14	57.273	110	32	5	123	219	121	228	7.15e-34	119
6_5	7_13	84.906	53	6	1	169	219	1	53	1.98e-26	97.4
6_5	7_24	56.522	23	10	0	196	218	5	27	6.40e-05	34.3
6_6	7_27	53.846	78	30	1	197	274	26	97	4.19e-21	80.9
6_6	7_26	52.459	61	29	0	204	264	88	148	3.46e-19	77.0
6_6	7_12	50.820	61	30	0	197	257	90	150	5.04e-18	73.9
6_6	7_46	48.529	68	34	1	193	259	48	115	6.45e-18	73.2
6_6	7_37	35.965	114	57	2	185	282	52	165	9.26e-18	73.2
6_6	7_34	44.286	70	36	1	197	263	141	210	2.71e-16	70.1
6_6	7_6	31.618	136	88	2	197	330	49	181	2.71e-16	72.0
6_6	7_49	51.471	68	33	0	197	264	99	166	5.76e-16	70.5
6_6	7_38	56.667	60	26	0	196	255	11	70	1.72e-15	68.9
6_6	7_18	46.154	65	34	1	197	261	100	163	7.33e-14	62.0
6_6	7_5	47.273	55	29	0	205	259	322	376	1.97e-13	62.4
6_6	7_21	44.444	63	35	0	194	256	300	362	2.51e-13	62.4
6_6	7_31	43.077	65	37	0	195	259	50	114	1.07e-12	59.3
6_6	7_32	43.548	62	35	0	194	255	71	132	1.89e-12	59.3
6_6	7_4	37.647	85	46	3	178	255	207	291	1.00e-11	56.6
6_6	7_25	32.609	92	50	1	193	284	91	170	9.40e-11	52.0
6_6	7_3	38.596	57	35	0	199	255	108	164	2.26e-10	51.2
6_6	7_1	36.986	73	43	1	212	284	466	535	2.13e-09	50.1
6_6	7_30	40.678	59	29	1	197	255	78	130	3.34e-09	48.1
6_6	7_35	43.478	46	25	1	210	255	11	55	4.45e-08	45.1
6_6	7_40	41.176	51	30	0	191	241	110	160	1.77e-07	43.1
6_6	7_39	36.765	68	37	1	180	241	101	168	2.08e-07	43.1
6_6	7_7	35.211	71	45	1	185	255	474	543	5.20e-07	42.7
6_6	7_19	32.203	59	40	0	197	255	74	132	1.49e-06	40.4
6_6	7_42	28.866	97	66	1	194	287	74	170	6.33e-06	38.9
6_6	7_14	24.242	132	89	4	191	313	188	317	2.72e-05	37.4
6_6	7_11	35.211	71	43	1	241	311	808	875	4.08e-05	37.0
6_6	7_36	33.333	54	36	0	202	255	2	55	7.22e-05	35.0
6_6	7_0	31.481	54	37	0	197	250	432	485	1.01e-04	35.4
6_6	7_47	34.545	55	36	0	192	246	128	182	1.13e-04	35.0
6_6	7_28	28.788	66	46	1	179	243	175	240	1.71e-04	34.7
6_6	7_45	24.752	101	63	2	182	269	507	607	2.16e-04	34.7
6_6	7_13	27.451	102	67	3	188	286	7	104	2.84e-04	33.9
6_7	7_46	69.091	165	44	4	243	403	36	197	5.58e-76	228
6_7	7_12	43.966	116	62	1	206	318	34	149	2.04e-24	92.8
6_7	7_27	52.055	73	35	0	259	331	26	98	1.06e-19	77.8
6_7	7_26	43.590	117	61	3	226	341	48	160	4.58e-19	77.4
6_7	7_37	50.746	67	31	1	264	330	72	136	1.61e-17	73.2
6_7	7_34	39.216	102	56	2	225	320	101	202	1.64e-17	74.3
6_7	7_18	58.333	60	25	0	258	317	99	158	3.78e-17	72.0
6_7	7_49	53.623	69	28	1	253	317	89	157	1.63e-16	73.2
6_7	7_31	53.333	60	28	0	259	318	52	111	2.40e-16	70.9
6_7	7_32	42.308	78	43	1	250	327	65	140	7.45e-15	67.4
6_7	7_38	48.485	66	34	0	257	322	10	75	1.27e-14	66.6
6_7	7_5	53.846	52	24	0	266	317	321	372	1.97e-14	66.2
6_7	7_30	49.333	75	29	2	254	325	73	141	2.05e-14	63.9
6_7	7_25	45.312	64	35	0	254	317	90	153	1.74e-13	60.5
6_7	7_21	44.928	69	36	2	250	318	296	362	2.82e-13	63.2
6_7	7_4	36.264	91	48	2	249	329	217	307	2.55e-12	58.9
6_7	7_3	37.662	77	42	1	251	321	92	168	1.02e-11	55.8
6_7	7_6	37.705	61	38	0	258	318	48	108	1.28e-10	55.1
6_7	7_11	35.849	53	30	1	274	322	775	827	4.92e-09	49.7
6_7	7_40	50.000	48	24	0	256	303	113	160	9.30e-09	47.4
6_7	7_39	50.000	48	24	0	256	303	121	168	9.60e-09	47.4
6_7	7_1	46.809	47	25	0	271	317	463	509	1.20e-08	48.5
6_7	7_28	30.612	98	57	2	218	305	144	240	1.54e-08	47.8
6_7	7_19	35.484	62	40	0	259	320	74	135	6.64e-08	44.7
6_7	7_35	39.535	43	26	0	279	321	17	59	9.13e-08	44.3
6_7	7_36	38.889	54	33	0	264	317	2	55	1.31e-07	43.5
6_7	7_47	36.620	71	37	2	239	308	119	182	9.06e-06	38.9
6_7	7_0	34.921	63	41	0	254	316	427	489	1.65e-05	38.1
6_7	7_2	39.286	56	34	0	250	305	122	177	2.11e-05	38.1
6_7	7_17	41.176	34	20	0	258	291	40	73	2.64e-04	34.3
6_7	7_7	29.268	82	58	0	236	317	462	543	4.81e-04	33.5
6_8	7_6	42.105	114	59	3	194	300	10	123	3.50e-21	89.4
6_8	7_32	54.167	72	33	0	228	299	73	144	1.66e-19	82.8
6_8	7_21	44.828	87	48	0	203	289	277	363	3.02e-19	82.8
6_8	7_49	37.143	105	62	1	226	330	96	196	2.25e-13	63.9
6_8	7_28	64.583	48	17	0	228	275	193	240	2.38e-13	63.5
6_8	7_2	68.085	47	15	0	229	275	131	177	3.22e-13	63.9
6_8	7_1	48.387	62	30	1	241	300	463	524	3.94e-13	63.2
6_8	7_47	50.909	55	27	0	224	278	128	182	1.60e-12	61.2
6_8	7_35	46.296	54	27	1	249	300	17	70	4.17e-12	57.8
6_8	7_12	44.643	56	31	0	229	284	90	145	1.60e-10	53.1
6_8	7_31	40.678	59	35	0	231	289	54	112	2.31e-10	53.5
6_8	7_46	31.507	73	50	0	228	300	52	124	1.34e-09	50.1
6_8	7_43	54.348	46	21	0	230	275	392	437	2.23e-09	51.2
6_8	7_42	35.526	76	49	0	214	289	62	137	5.87e-09	49.3
6_8	7_37	37.681	69	40	1	224	289	59	127	3.18e-08	46.2
6_8	7_18	40.909	66	35	2	221	284	92	155	5.22e-08	45.4
6_8	7_4	35.484	62	40	0	230	291	234	295	1.27e-07	45.1
6_8	7_34	32.258	62	42	0	228	289	140	201	1.34e-07	44.7
6_8	7_27	30.667	75	50	1	229	303	26	98	1.52e-07	43.1
6_8	7_19	27.143	140	86	3	229	362	74	203	1.79e-07	43.9
6_8	7_25	36.207	58	37	0	229	286	95	152	2.77e-07	42.7
6_8	7_22	32.558	86	36	4	231	301	94	172	3.49e-07	43.5
6_8	7_29	34.545	55	36	0	228	282	116	170	5.07e-07	42.4
6_8	7_3	32.258	62	42	0	230	291	107	168	5.49e-07	42.0
6_8	7_0	31.707	82	50	3	206	287	415	490	1.04e-06	42.7
6_8	7_26	31.148	61	42	0	236	296	88	148	3.68e-06	40.0
6_8	7_5	36.620	71	44	1	237	307	322	391	1.20e-05	39.3
6_8	7_45	32.759	58	39	0	229	286	530	587	3.90e-05	37.7
6_8	7_36	34.426	61	40	0	234	294	2	62	4.14e-05	36.6
6_8	7_11	22.727	66	50	1	233	298	769	833	7.36e-05	37.0
6_8	7_38	31.507	73	44	2	220	289	3	72	5.63e-04	33.9
6_9	7_24	39.216	51	31	0	2	52	2	52	7.89e-10	47.8
6_9	7_13	38.776	49	30	0	2	50	27	75	6.49e-09	45.4
6_9	7_14	38.776	49	30	0	2	50	202	250	1.89e-08	43.9
6_9	7_44	42.500	40	20	1	4	43	137	173	4.35e-07	39.3
6_9	7_16	28.049	82	53	1	11	92	1035	1110	5.65e-07	39.7
6_9	7_15	28.049	82	53	1	11	92	1017	1092	5.70e-07	39.7
6_9	7_9	40.000	40	24	0	13	52	930	969	5.70e-07	39.7
6_9	7_8	40.000	40	24	0	13	52	937	976	5.70e-07	39.7
6_9	7_22	35.294	68	26	2	3	55	106	170	2.12e-06	37.7
6_9	7_1	37.143	35	22	0	17	51	476	510	3.98e-06	37.4
6_9	7_21	40.000	35	21	0	16	50	327	361	6.35e-06	36.6
6_9	7_36	34.146	41	27	0	18	58	23	63	7.89e-06	35.8
6_9	7_18	29.825	57	37	1	13	66	121	177	2.48e-05	34.7
6_9	7_32	36.111	36	23	0	17	52	99	134	4.37e-05	34.3
6_9	7_46	34.146	41	27	0	17	57	78	118	5.73e-05	33.5
6_9	7_3	42.857	35	20	0	17	51	131	165	7.69e-05	33.1
6_9	7_4	41.176	34	20	0	17	50	258	291	8.33e-05	33.1
6_9	7_19	30.909	55	35	1	4	58	89	140	9.44e-05	32.7
6_9	7_29	37.500	48	25	1	4	46	124	171	1.77e-04	32.0
6_9	7_37	26.761	71	47	1	17	82	92	162	1.99e-04	32.0
6_9	7_35	28.571	91	45	5	4	93	13	84	2.40e-04	31.6
6_9	7_42	23.684	76	55	1	15	87	100	175	4.13e-04	31.2
6_9	7_49	34.783	46	28	1	15	60	122	165	7.69e-04	30.4
6_10	7_45	58.784	148	49	2	195	330	150	297	4.77e-51	182
6_10	7_45	58.442	77	29	1	223	299	969	1042	1.77e-22	94.0
6_10	7_45	31.298	131	62	3	540	642	449	579	1.30e-15	72.0
6_10	7_19	40.426	47	28	0	596	642	77	123	5.95e-07	42.4
6_10	7_29	42.553	47	27	0	596	642	120	166	1.54e-06	40.8
6_10	7_42	40.426	47	28	0	596	642	80	126	1.93e-06	41.6
6_10	7_36	39.130	46	28	0	597	642	1	46	3.97e-06	39.7
6_10	7_16	29.787	47	33	0	596	642	1019	1065	7.71e-04	33.9
6_10	7_15	29.787	47	33	0	596	642	1001	1047	7.77e-04	33.9
6_11	7_42	40.323	124	66	3	280	403	61	176	1.43e-18	77.8
6_11	7_29	30.409	171	87	3	210	349	1	170	3.11e-17	71.6
6_11	7_19	40.860	93	54	1	298	389	76	168	2.67e-14	63.9
6_11	7_4	44.068	59	33	0	298	356	235	293	2.70e-11	56.2
6_11	7_15	30.928	97	67	0	292	388	994	1090	7.25e-11	55.8
6_11	7_16	30.928	97	67	0	292	388	1012	1108	7.72e-11	55.8
6_11	7_36	45.161	62	34	0	301	362	2	63	1.22e-10	52.8
6_11	7_6	36.471	85	51	2	283	365	37	120	1.92e-09	51.2
6_11	7_21	38.961	77	47	0	285	361	292	368	1.33e-08	48.5
6_11	7_45	28.125	96	56	2	281	366	518	610	2.04e-08	48.1
6_11	7_32	37.209	86	49	2	286	370	63	144	2.46e-08	47.4
6_11	7_3	38.095	63	39	0	292	354	102	164	2.94e-08	45.4
6_11	7_49	29.032	93	64	1	295	385	98	190	3.48e-08	47.0
6_11	7_25	32.967	91	52	2	283	365	83	172	1.04e-06	40.8
6_11	7_1	45.283	53	26	1	316	365	471	523	1.05e-06	42.4
6_11	7_35	29.592	98	65	2	314	411	15	108	1.60e-06	40.8
6_11	7_37	27.184	103	74	1	274	376	46	147	1.63e-06	40.8
6_11	7_7	37.931	58	36	0	298	355	487	544	1.69e-06	41.6
6_11	7_14	28.736	87	55	2	305	389	201	282	1.60e-05	38.5
6_11	7_13	25.882	85	58	1	305	384	26	110	1.96e-05	38.1
6_11	7_12	29.167	96	48	2	279	354	53	148	2.02e-05	37.4
6_11	7_27	26.316	76	55	1	294	368	24	99	3.53e-05	35.8
6_11	7_18	30.882	68	47	0	294	361	98	165	6.11e-05	35.8
6_11	7_46	29.487	78	53	1	279	354	34	111	1.05e-04	35.0
6_11	7_34	25.620	121	68	3	242	362	106	204	1.68e-04	34.7
6_11	7_20	34.043	47	26	1	315	356	93	139	2.27e-04	34.3
6_11	7_0	27.778	72	52	0	286	357	422	493	4.28e-04	33.9
6_11	7_31	33.333	57	38	0	298	354	54	110	4.59e-04	33.5
6_11	7_22	24.675	77	43	1	297	358	93	169	5.48e-04	33.1
6_11	7_5	36.170	47	30	0	327	373	345	391	7.71e-04	33.1
6_11	7_26	30.769	52	36	0	303	354	88	139	7.71e-04	32.3
6_12	7_12	39.655	116	52	4	414	523	92	195	4.07e-16	69.7
6_12	7_34	43.056	72	41	0	406	477	135	206	3.00e-15	68.2
6_12	7_46	39.326	89	51	1	414	502	55	140	6.84e-15	65.5
6_12	7_4	36.792	106	61	3	384	483	202	307	3.01e-14	65.5
6_12	7_26	54.902	51	23	0	420	470	89	139	2.55e-13	61.2
6_12	7_27	42.105	57	33	0	414	470	28	84	2.56e-12	57.0
6_12	7_25	41.379	58	34	0	413	470	96	153	2.73e-12	57.4
6_12	7_31	38.889	72	44	0	401	472	41	112	2.93e-12	59.3
6_12	7_49	46.429	56	30	0	417	472	104	159	2.85e-11	57.4
6_12	7_18	43.750	64	33	1	408	471	99	159	7.15e-11	53.9
6_12	7_32	37.333	75	47	0	406	480	68	142	1.04e-10	55.1
6_12	7_37	40.984	61	36	0	417	477	72	132	2.39e-10	52.4
6_12	7_5	32.353	102	46	2	419	520	321	399	2.63e-10	53.9
6_12	7_1	47.170	53	28	0	424	476	463	515	1.25e-09	52.0
6_12	7_6	36.986	73	46	0	414	486	51	123	1.67e-09	52.0
6_12	7_3	36.264	91	49	3	399	483	93	180	1.68e-09	49.7
6_12	7_38	47.761	67	32	1	409	475	12	75	1.23e-08	48.5
6_12	7_21	39.062	64	37	1	407	470	300	361	2.25e-08	48.1
6_12	7_28	27.778	126	59	4	334	458	146	240	7.21e-07	43.1
6_12	7_19	32.759	58	39	0	414	471	76	133	1.38e-06	41.2
6_12	7_39	35.714	70	40	2	390	456	101	168	1.67e-06	41.2
6_12	7_36	34.545	55	36	0	417	471	2	56	2.25e-06	40.4
6_12	7_35	33.333	48	32	0	425	472	10	57	5.12e-06	39.7
6_12	7_7	31.169	77	49	2	395	470	470	543	3.10e-05	38.1
6_12	7_40	33.846	65	40	1	395	456	96	160	3.74e-05	37.0
6_12	7_30	35.088	57	31	1	414	470	80	130	5.40e-05	36.2
6_12	7_16	32.877	73	48	1	414	485	1018	1090	9.36e-05	36.6
6_12	7_15	32.877	73	48	1	414	485	1000	1072	1.02e-04	36.6
6_12	7_47	33.871	62	39	1	400	461	123	182	5.38e-04	33.9
6_12	7_42	50.000	28	14	0	445	472	110	137	6.65e-04	33.1
6_13	7_22	42.194	237	90	5	145	375	6	201	4.88e-52	171
6_13	7_0	34.568	81	34	4	264	341	432	496	1.52e-07	45.1
6_13	7_34	26.667	105	52	3	264	359	141	229	2.58e-06	40.8
6_13	7_32	29.545	88	46	1	251	338	61	132	2.79e-06	41.2
6_13	7_21	28.395	81	42	1	258	338	297	361	3.95e-05	37.4
6_13	7_46	30.137	73	35	2	266	338	55	111	7.66e-05	35.8
6_13	7_7	28.889	90	47	4	251	339	471	544	1.66e-04	35.4
6_13	7_6	23.204	181	89	6	264	444	49	179	5.41e-04	33.9
6_13	7_49	27.660	94	46	3	250	343	91	162	6.87e-04	33.5
6_14	7_25	43.860	57	31	1	703	758	89	145	1.88e-11	55.5
6_14	7_12	46.000	50	27	0	709	758	91	140	1.50e-09	50.8
6_14	7_3	45.833	48	26	0	711	758	109	156	5.68e-08	45.4
6_14	7_4	45.833	48	26	0	711	758	236	283	2.05e-07	45.1
6_14	7_37	41.304	46	27	0	713	758	72	117	2.90e-07	43.5
6_14	7_31	37.500	48	30	0	711	758	55	102	9.02e-07	42.7
6_14	7_46	32.692	52	35	0	707	758	52	103	3.35e-06	40.4
6_14	7_49	38.462	52	32	0	707	758	98	149	6.58e-06	40.4
6_14	7_34	36.957	46	29	0	713	758	146	191	8.69e-06	39.7
6_14	7_26	36.364	44	28	0	715	758	88	131	1.30e-05	38.5
6_14	7_5	33.058	121	60	4	645	758	258	364	2.02e-05	38.9
6_14	7_21	34.694	49	32	0	710	758	305	353	5.53e-05	37.7
6_14	7_27	34.783	46	30	0	713	758	31	76	9.28e-05	35.4
6_14	7_38	46.154	39	21	0	720	758	24	62	4.57e-04	34.7
6_15	7_32	58.065	62	26	0	170	231	71	132	5.98e-21	86.3
6_15	7_6	50.000	68	34	0	164	231	40	107	1.37e-19	83.2
6_15	7_21	54.237	59	27	0	173	231	303	361	1.19e-16	73.6
6_15	7_12	46.875	64	34	0	171	234	88	151	2.29e-16	69.7
6_15	7_1	50.000	54	27	0	185	238	463	516	3.57e-14	65.9
6_15	7_46	37.838	74	46	0	158	231	38	111	4.20e-14	62.8
6_15	7_5	38.095	105	46	2	142	233	276	374	1.28e-12	60.5
6_15	7_47	36.458	96	52	2	136	222	87	182	1.45e-12	60.5
6_15	7_43	57.778	45	19	0	175	219	393	437	1.56e-12	60.5
6_15	7_28	35.714	84	53	1	137	219	157	240	2.15e-12	60.1
6_15	7_34	35.802	81	48	1	157	233	121	201	2.26e-12	58.9
6_15	7_26	30.275	109	75	1	123	231	32	139	9.22e-12	56.2
6_15	7_31	34.118	85	54	2	173	255	52	136	1.08e-11	57.0
6_15	7_37	36.232	69	41	1	172	237	63	131	1.70e-11	55.5
6_15	7_18	45.763	59	32	0	173	231	100	158	1.95e-11	55.1
6_15	7_35	51.282	39	19	0	193	231	17	55	3.36e-11	54.7
6_15	7_49	38.710	62	38	0	175	236	101	162	4.73e-11	55.8
6_15	7_27	42.593	54	31	0	178	231	31	84	1.13e-10	51.6
6_15	7_3	43.103	58	33	0	175	232	108	165	2.25e-10	51.6
6_15	7_4	39.655	58	35	0	175	232	235	292	2.68e-10	52.8
6_15	7_2	48.936	47	24	0	173	219	131	177	2.94e-10	53.5
6_15	7_19	38.983	59	36	0	173	231	74	132	6.51e-10	50.8
6_15	7_38	38.095	63	34	1	171	233	15	72	1.06e-09	51.2
6_15	7_25	37.313	67	42	0	165	231	87	153	4.04e-09	47.8
6_15	7_36	38.889	54	33	0	178	231	2	55	7.58e-09	47.4
6_15	7_0	31.579	76	52	0	157	232	416	491	2.20e-08	47.4
6_15	7_22	34.722	72	32	1	175	231	94	165	8.31e-08	44.7
6_15	7_7	36.364	66	36	2	172	234	484	546	1.76e-07	44.7
6_15	7_42	30.337	89	62	0	145	233	49	137	3.94e-07	42.7
6_15	7_30	37.313	67	36	1	165	231	70	130	4.67e-07	42.0
6_15	7_29	33.333	54	36	0	173	226	117	170	5.23e-06	38.5
6_15	7_40	32.812	64	42	1	154	217	98	160	7.35e-06	38.5
6_15	7_11	38.710	31	17	1	201	231	794	822	2.43e-05	37.7
6_15	7_39	31.746	63	42	1	155	217	107	168	2.72e-05	37.0
6_15	7_14	30.556	72	47	1	160	231	182	250	3.92e-05	37.0
6_15	7_16	28.906	128	81	4	175	296	1018	1141	9.71e-05	35.8
6_15	7_15	28.906	128	81	4	175	296	1000	1123	1.04e-04	35.8
6_15	7_45	24.074	108	70	2	137	244	501	596	1.51e-04	35.4
6_15	7_24	31.148	61	34	1	198	258	17	69	3.55e-04	33.5
6_15	7_8	35.185	54	20	1	198	236	941	994	3.56e-04	34.3
6_15	7_9	35.185	54	20	1	198	236	934	987	3.94e-04	33.9
6_16	7_6	29.293	99	60	2	4	102	32	120	2.09e-08	46.6
6_16	7_42	39.394	66	39	1	32	97	79	143	3.92e-08	45.1
6_16	7_45	30.137	146	67	6	30	154	530	661	1.53e-07	43.9
6_16	7_19	36.667	60	37	1	30	89	74	132	5.24e-07	41.2
6_16	7_32	36.986	73	43	2	18	90	64	133	1.12e-06	40.8
6_16	7_1	33.333	63	36	2	78	136	498	558	1.39e-05	37.7
6_16	7_4	29.474	95	55	4	1	89	203	291	3.52e-05	36.2
6_16	7_15	33.333	63	41	1	29	91	997	1058	6.19e-05	35.8
6_16	7_16	33.333	63	41	1	29	91	1015	1076	6.20e-05	35.8
6_16	7_31	31.343	67	41	2	30	94	52	115	1.05e-04	34.7
6_16	7_36	34.545	55	35	1	35	89	2	55	1.52e-04	33.5
6_16	7_29	35.593	59	35	2	28	84	113	170	2.73e-04	32.7
6_16	7_12	26.374	91	59	2	27	110	87	176	4.19e-04	32.3
6_16	7_21	34.328	67	42	2	30	96	303	367	0.001	32.0
6_17	7_46	40.179	112	55	2	269	371	50	158	2.20e-22	86.3
6_17	7_12	60.317	63	25	0	272	334	87	149	5.98e-22	85.5
6_17	7_26	54.098	61	28	0	282	342	88	148	1.86e-18	75.5
6_17	7_27	46.053	76	40	1	271	346	22	96	7.32e-18	72.0
6_17	7_31	43.750	80	36	1	277	356	54	124	1.22e-15	68.6
6_17	7_34	51.724	58	28	0	277	334	143	200	1.31e-14	65.5
6_17	7_5	51.923	52	25	0	282	333	321	372	3.90e-14	65.1
6_17	7_3	39.744	78	46	1	257	333	87	164	1.13e-13	61.2
6_17	7_49	49.206	63	29	1	271	333	98	157	2.11e-13	63.2
6_17	7_4	41.429	70	40	1	264	333	223	291	2.49e-13	62.0
6_17	7_18	38.462	78	48	0	273	350	98	175	5.83e-13	59.3
6_17	7_25	46.269	67	33	1	277	340	97	163	6.25e-13	58.5
6_17	7_38	47.143	70	34	2	270	336	6	75	3.58e-12	58.9
6_17	7_21	32.323	99	54	2	280	374	308	397	5.46e-12	58.5
6_17	7_32	35.000	60	39	0	276	335	75	134	4.04e-11	55.5
6_17	7_37	45.283	53	29	0	280	332	72	124	4.32e-11	53.9
6_17	7_30	41.791	67	29	2	267	333	74	130	7.57e-10	50.4
6_17	7_6	38.571	70	42	1	276	345	50	118	1.17e-09	51.6
6_17	7_39	51.163	43	21	0	277	319	126	168	1.80e-09	49.3
6_17	7_40	51.163	43	21	0	277	319	118	160	1.92e-09	49.3
6_17	7_11	53.846	39	14	1	300	334	785	823	1.91e-08	47.8
6_17	7_1	36.066	61	37	1	287	347	463	521	4.53e-07	43.1
6_17	7_35	37.778	45	28	0	294	338	16	60	8.94e-07	41.2
6_17	7_42	31.667	60	41	0	274	333	76	135	5.60e-05	35.8
6_17	7_28	35.556	45	29	0	277	321	196	240	1.92e-04	34.7
6_17	7_0	26.230	61	45	0	272	332	429	489	3.38e-04	33.9
6_17	7_22	29.167	72	36	2	277	333	94	165	3.96e-04	33.1
6_17	7_16	27.419	62	45	0	273	334	1014	1075	7.05e-04	33.1
6_17	7_15	27.419	62	45	0	273	334	996	1057	7.29e-04	33.1
6_17	7_24	37.500	48	30	0	285	332	2	49	0.001	32.0
6_18	7_31	56.604	53	23	0	197	249	53	105	1.70e-15	66.2
6_18	7_12	53.704	54	25	0	198	251	92	145	2.64e-15	65.1
6_18	7_5	46.250	80	40	1	173	249	288	367	4.73e-15	65.9
6_18	7_4	47.692	65	34	0	191	255	228	292	4.77e-14	62.4
6_18	7_49	53.704	54	25	0	198	251	101	154	5.23e-14	62.8
6_18	7_34	50.000	52	26	0	198	249	143	194	1.05e-13	61.2
6_18	7_3	51.667	60	29	0	190	249	100	159	2.13e-13	59.3
6_18	7_27	46.154	52	28	0	198	249	28	79	1.09e-12	56.2
6_18	7_25	45.455	55	30	0	198	252	97	151	1.90e-12	56.2
6_18	7_46	48.148	54	28	0	198	251	55	108	1.97e-12	56.6
6_18	7_26	46.939	49	26	0	203	251	88	136	5.36e-12	55.5
6_18	7_18	50.000	56	26	1	196	249	98	153	3.24e-11	53.1
6_18	7_38	52.083	48	23	0	204	251	20	67	5.68e-11	53.5
6_18	7_37	44.000	50	28	0	200	249	71	120	1.17e-10	51.6
6_18	7_6	42.593	54	31	0	198	251	51	104	1.97e-09	49.3
6_18	7_32	44.444	54	30	0	198	251	76	129	1.06e-08	46.6
6_18	7_21	41.509	53	31	0	199	251	306	358	6.84e-08	44.3
6_18	7_30	42.308	52	24	1	198	249	80	125	1.72e-07	42.4
6_18	7_40	37.681	69	42	1	173	240	92	160	2.09e-06	39.3
6_18	7_39	44.186	43	24	0	198	240	126	168	2.51e-06	38.9
6_18	7_41	54.054	37	15	1	140	174	132	168	3.81e-06	38.1
6_18	7_2	42.222	45	26	0	198	242	133	177	4.64e-05	35.8
6_18	7_7	23.750	80	56	1	178	252	462	541	9.75e-05	34.7
6_18	7_42	32.857	70	46	1	181	249	61	130	1.18e-04	34.3
6_18	7_19	34.615	52	34	0	198	249	76	127	1.69e-04	33.5
6_18	7_45	29.688	64	39	2	191	251	525	585	8.75e-04	32.0
6_19	7_32	65.591	93	26	2	1	92	82	169	6.89e-35	121
6_19	7_21	63.462	52	19	0	1	52	311	362	3.80e-21	84.0
6_19	7_1	64.583	48	17	0	5	52	463	510	1.49e-20	82.0
6_19	7_6	59.615	52	21	0	1	52	57	108	1.87e-19	79.0
6_19	7_35	70.000	40	12	0	13	52	17	56	2.12e-19	76.3
6_19	7_28	66.667	39	13	0	1	39	202	240	6.10e-15	65.5
6_19	7_46	42.857	56	32	0	1	56	61	116	3.49e-14	61.2
6_19	7_47	59.524	42	17	0	1	42	141	182	9.53e-14	62.0
6_19	7_5	36.275	102	57	4	1	97	322	420	1.84e-13	60.8
6_19	7_12	46.154	52	28	0	1	52	98	149	2.20e-13	59.3
6_19	7_43	64.103	39	14	0	1	39	399	437	2.22e-13	60.8
6_19	7_2	64.103	39	14	0	1	39	139	177	6.58e-12	56.6
6_19	7_31	39.759	83	46	2	1	81	60	140	1.12e-11	55.1
6_19	7_49	47.059	51	27	0	1	51	107	157	5.44e-11	53.5
6_19	7_36	43.396	53	30	0	1	53	5	57	7.50e-11	52.0
6_19	7_3	39.286	56	32	1	1	56	114	167	2.70e-10	50.1
6_19	7_37	33.333	78	50	2	1	78	75	150	3.41e-10	50.1
6_19	7_38	42.593	54	25	2	1	51	20	70	3.62e-10	51.2
6_19	7_4	39.216	51	31	0	1	51	241	291	3.84e-10	50.8
6_19	7_19	42.188	64	36	1	1	63	82	145	6.34e-10	49.3
6_19	7_26	36.364	55	35	0	1	55	89	143	8.45e-10	48.9
6_19	7_27	37.288	59	37	0	1	59	34	92	1.41e-09	47.4
6_19	7_34	28.704	108	53	3	1	93	149	247	6.94e-09	47.0
6_19	7_42	45.098	51	28	0	1	51	85	135	1.10e-08	46.2
6_19	7_18	36.066	61	39	0	1	61	108	168	4.42e-08	43.9
6_19	7_11	31.429	35	24	0	18	52	789	823	3.18e-06	39.3
6_19	7_45	34.615	52	34	0	1	52	538	589	9.75e-06	37.7
6_19	7_22	26.804	97	51	2	1	82	100	191	9.83e-06	37.4
6_19	7_25	35.294	51	33	0	1	51	103	153	2.72e-05	35.4
6_19	7_0	30.189	53	37	0	1	53	440	492	4.10e-05	35.8
6_19	7_16	38.462	52	32	0	1	52	1024	1075	1.46e-04	34.3
6_19	7_15	38.462	52	32	0	1	52	1006	1057	1.55e-04	34.3
6_19	7_29	40.541	37	17	1	15	46	134	170	1.68e-04	33.1
6_19	7_40	40.541	37	22	0	1	37	124	160	2.54e-04	32.7
6_19	7_39	40.541	37	22	0	1	37	132	168	2.66e-04	32.7
6_20	7_25	52.381	63	25	1	264	321	103	165	3.17e-16	68.2
6_20	7_21	39.130	69	42	0	255	323	302	370	5.39e-13	62.0
6_20	7_31	39.655	58	35	0	259	316	55	112	5.85e-13	60.5
6_20	7_34	35.821	67	43	0	253	319	138	204	1.24e-12	59.7
6_20	7_12	43.636	55	31	0	261	315	95	149	4.40e-12	57.0
6_20	7_5	47.170	53	28	0	264	316	322	374	5.84e-12	58.2
6_20	7_46	32.632	95	60	1	234	324	27	121	6.82e-12	56.2
6_20	7_49	36.047	86	51	1	255	340	98	179	1.04e-11	57.8
6_20	7_26	45.283	53	29	0	263	315	88	140	1.10e-11	55.8
6_20	7_37	44.828	58	32	0	261	318	72	129	5.02e-11	53.9
6_20	7_4	39.130	69	36	1	252	314	223	291	5.57e-11	54.7
6_20	7_38	53.061	49	23	0	268	316	24	72	6.76e-11	55.1
6_20	7_3	38.158	76	41	1	245	314	89	164	9.84e-11	52.8
6_20	7_27	39.437	71	38	1	245	315	20	85	1.16e-10	51.6
6_20	7_18	32.283	127	74	4	192	314	40	158	1.76e-10	52.4
6_20	7_32	39.130	69	41	1	248	315	65	133	7.12e-10	52.0
6_20	7_1	56.250	32	14	0	287	318	482	513	4.57e-09	49.7
6_20	7_30	35.354	99	53	4	251	345	74	165	9.53e-08	44.3
6_20	7_7	31.746	63	37	1	252	314	487	543	1.70e-06	41.6
6_20	7_6	30.435	69	42	1	252	320	51	113	1.93e-06	41.2
6_20	7_11	43.636	55	29	2	262	316	772	824	1.95e-06	41.2
6_20	7_35	42.424	33	19	0	287	319	28	60	1.24e-05	37.7
6_20	7_36	42.424	33	19	0	289	321	30	62	4.48e-05	35.8
6_20	7_42	59.091	22	9	0	296	317	117	138	9.92e-05	35.4
6_20	7_19	45.161	31	17	0	290	320	108	138	2.32e-04	33.9
6_20	7_40	29.577	71	47	1	233	300	90	160	4.20e-04	33.1
6_20	7_45	25.974	77	55	1	241	315	513	589	6.21e-04	33.1
6_21	7_25	81.013	79	15	0	270	348	87	165	1.15e-43	141
6_21	7_31	45.902	61	33	0	276	336	50	110	6.48e-15	66.2
6_21	7_12	45.763	59	32	0	280	338	92	150	1.56e-13	61.2
6_21	7_46	41.176	68	40	0	280	347	55	122	1.81e-12	57.8
6_21	7_34	38.462	78	42	2	265	336	122	199	2.53e-12	58.5
6_21	7_49	40.625	64	38	0	280	343	101	164	3.78e-12	58.9
6_21	7_26	43.137	51	29	0	286	336	89	139	2.90e-10	51.2
6_21	7_37	38.983	59	36	0	282	340	71	129	3.64e-10	51.2
6_21	7_38	48.000	50	26	0	290	339	24	73	4.04e-10	52.4
6_21	7_18	44.068	59	33	0	278	336	100	158	1.03e-09	49.7
6_21	7_21	30.120	83	58	0	278	360	303	385	1.48e-09	50.8
6_21	7_5	42.593	54	31	0	285	338	321	374	2.09e-09	50.1
6_21	7_3	38.333	60	37	0	277	336	105	164	2.47e-09	48.5
6_21	7_4	36.667	60	38	0	279	338	234	293	2.86e-09	49.3
6_21	7_27	36.923	65	41	0	272	336	20	84	5.20e-09	46.6
6_21	7_7	29.762	84	59	0	255	338	462	545	1.94e-08	47.4
6_21	7_32	37.288	59	37	0	278	336	74	132	1.44e-07	44.3
6_21	7_6	33.898	59	39	0	278	336	49	107	1.36e-06	41.6
6_21	7_0	26.882	93	57	2	249	335	402	489	9.90e-06	38.5
6_21	7_30	36.066	61	33	1	277	337	77	131	1.38e-05	37.4
6_21	7_1	39.216	51	30	1	290	340	463	512	2.09e-05	37.7
6_21	7_11	36.170	47	26	1	301	347	791	833	5.47e-05	36.6
6_21	7_28	32.258	62	41	1	264	324	179	240	7.01e-05	35.8
6_21	7_42	32.394	71	48	0	271	341	70	140	7.09e-05	35.4
6_21	7_19	30.508	59	41	0	278	336	74	132	3.67e-04	33.1
6_21	7_14	31.818	66	42	1	276	338	187	252	8.08e-04	32.7
6_22	7_42	66.087	115	37	1	167	279	71	185	5.90e-47	155
6_22	7_32	43.750	64	36	0	168	231	69	132	8.69e-13	60.8
6_22	7_19	39.175	97	54	2	175	270	76	168	7.49e-12	56.2
6_22	7_29	42.857	56	32	0	171	226	115	170	4.99e-11	53.5
6_22	7_29	51.163	43	20	1	120	162	2	43	5.57e-10	50.4
6_22	7_45	37.778	90	48	2	168	255	523	606	7.31e-11	55.5
6_22	7_21	40.845	71	40	1	169	239	299	367	1.15e-10	54.7
6_22	7_1	42.623	61	35	0	184	244	462	522	1.35e-10	54.3
6_22	7_6	37.879	66	40	1	175	240	51	115	4.73e-10	53.1
6_22	7_36	46.296	54	29	0	178	231	2	55	5.28e-10	50.8
6_22	7_31	35.294	85	52	1	150	231	26	110	8.96e-10	50.8
6_22	7_49	42.623	61	35	0	175	235	101	161	9.11e-10	51.6
6_22	7_4	39.655	58	35	0	175	232	235	292	1.17e-09	50.8
6_22	7_3	33.708	89	53	3	175	262	108	191	1.43e-09	49.3
6_22	7_16	30.579	121	80	1	168	288	1011	1127	1.13e-07	45.4
6_22	7_15	30.579	121	80	1	168	288	993	1109	1.36e-07	45.1
6_22	7_34	28.571	98	57	1	151	235	106	203	3.22e-07	43.1
6_22	7_7	36.207	58	37	0	175	232	487	544	3.87e-07	43.5
6_22	7_14	31.858	113	66	5	172	283	196	298	4.97e-07	43.1
6_22	7_22	30.588	85	44	2	168	237	87	171	1.20e-06	41.2
6_22	7_47	37.037	54	34	0	169	222	129	182	2.12e-06	40.8
6_22	7_5	38.462	52	32	0	182	233	323	374	2.41e-06	40.8
6_22	7_25	35.593	59	35	1	174	232	99	154	4.88e-06	38.5
6_22	7_46	35.088	57	37	0	175	231	55	111	4.99e-06	38.9
6_22	7_12	33.333	57	38	0	175	231	92	148	9.67e-06	38.1
6_22	7_27	35.088	57	37	0	175	231	28	84	1.38e-05	37.0
6_22	7_37	35.088	57	37	0	178	234	72	128	1.54e-05	37.4
6_22	7_38	54.839	31	14	0	204	234	43	73	1.63e-05	38.1
6_22	7_35	37.500	48	30	0	193	240	17	64	2.27e-05	37.0
6_22	7_18	35.088	57	37	0	175	231	102	158	3.58e-05	36.2
6_22	7_43	40.476	42	25	0	173	214	391	432	5.48e-05	36.6
6_22	7_28	34.783	46	30	0	174	219	195	240	1.20e-04	35.4
6_22	7_26	34.615	52	34	0	180	231	88	139	4.11e-04	33.1
6_22	7_13	27.551	98	62	3	172	269	21	109	7.80e-04	32.7
6_23	7_49	63.636	110	38	2	223	330	91	200	3.16e-38	136
6_23	7_12	59.322	59	24	0	231	289	90	148	1.97e-20	81.3
6_23	7_46	58.333	60	25	0	230	289	52	111	2.61e-20	80.1
6_23	7_27	50.000	64	32	0	231	294	26	89	3.58e-17	70.1
6_23	7_26	52.632	57	27	0	238	294	88	144	4.74e-16	68.6
6_23	7_5	54.545	55	25	0	238	292	321	375	3.82e-15	67.8
6_23	7_34	43.836	73	40	1	222	294	133	204	1.65e-14	65.1
6_23	7_31	49.153	59	30	0	231	289	52	110	1.79e-14	64.7
6_23	7_4	48.276	58	30	0	233	290	235	292	2.77e-14	64.7
6_23	7_6	37.864	103	58	4	230	329	48	147	2.97e-14	65.9
6_23	7_3	46.552	58	31	0	232	289	107	164	6.48e-14	61.6
6_23	7_32	46.875	64	34	0	226	289	69	132	6.73e-14	63.9
6_23	7_37	43.243	74	39	1	224	294	57	130	2.85e-13	60.5
6_23	7_18	43.662	71	40	0	227	297	96	166	8.71e-13	58.9
6_23	7_25	38.667	75	40	1	231	299	95	169	8.85e-13	58.2
6_23	7_21	43.333	60	34	0	230	289	302	361	1.07e-12	60.8
6_23	7_38	48.529	68	33	1	230	297	13	78	2.34e-12	59.3
6_23	7_1	37.079	89	42	2	242	316	462	550	2.58e-11	56.2
6_23	7_19	38.028	71	44	0	231	301	74	144	1.14e-10	52.8
6_23	7_30	40.580	69	35	1	231	299	78	140	3.38e-09	48.1
6_23	7_36	41.270	63	35	1	235	295	1	63	8.64e-09	47.0
6_23	7_28	47.917	48	25	0	230	277	193	240	1.72e-08	47.4
6_23	7_0	35.294	85	53	2	206	289	407	490	2.84e-08	46.6
6_23	7_11	29.630	81	48	3	235	313	772	845	9.02e-08	45.4
6_23	7_47	45.098	51	28	0	230	280	132	182	9.13e-08	45.1
6_23	7_35	37.500	64	35	3	251	311	17	78	1.47e-07	43.5
6_23	7_42	39.344	61	37	0	233	293	79	139	1.06e-06	41.2
6_23	7_2	48.936	47	24	0	231	277	131	177	1.34e-06	41.6
6_23	7_14	30.000	120	65	5	230	338	193	304	1.89e-06	40.8
6_23	7_7	37.097	62	38	1	230	291	485	545	2.02e-06	40.8
6_23	7_39	41.304	46	27	0	230	275	123	168	4.29e-06	38.9
6_23	7_40	41.304	46	27	0	230	275	115	160	4.34e-06	38.9
6_23	7_17	53.333	30	14	0	233	262	43	72	9.81e-06	38.5
6_23	7_22	27.972	143	69	7	184	293	28	169	4.73e-05	36.2
6_23	7_13	29.412	119	70	5	220	338	9	113	9.63e-05	35.4
6_23	7_43	42.222	45	26	0	233	277	393	437	6.66e-04	32.7
6_24	7_27	82.443	131	23	0	252	382	10	140	2.39e-78	234
6_24	7_46	43.590	117	56	2	270	376	55	171	2.14e-21	84.3
6_24	7_26	52.381	63	30	0	276	338	89	151	2.10e-19	79.0
6_24	7_18	58.462	65	27	0	266	330	98	162	5.40e-19	77.8
6_24	7_34	55.000	60	27	0	268	327	141	200	7.61e-19	78.6
6_24	7_12	50.000	60	30	0	268	327	90	149	3.42e-17	72.4
6_24	7_5	56.364	55	24	0	275	329	321	375	1.46e-16	73.2
6_24	7_38	48.718	78	39	1	268	345	12	88	1.74e-16	72.8
6_24	7_49	46.053	76	39	1	266	339	95	170	8.25e-16	71.2
6_24	7_37	50.820	61	28	1	273	333	72	130	1.17e-14	65.1
6_24	7_32	43.284	67	38	0	268	334	74	140	3.87e-13	62.8
6_24	7_31	46.552	58	31	0	270	327	54	111	4.11e-13	61.6
6_24	7_21	26.380	163	102	4	238	398	277	423	1.18e-12	61.6
6_24	7_4	41.667	60	35	0	267	326	232	291	7.76e-12	57.8
6_24	7_3	43.860	57	32	0	270	326	108	164	4.58e-11	53.9
6_24	7_6	35.714	70	45	0	268	337	49	118	1.26e-10	55.5
6_24	7_25	39.130	69	40	1	268	336	95	161	3.59e-10	50.8
6_24	7_30	42.373	59	28	1	268	326	78	130	1.53e-08	47.0
6_24	7_1	38.235	68	37	2	272	337	453	517	6.66e-08	46.2
6_24	7_39	46.667	45	24	0	268	312	124	168	8.23e-08	44.7
6_24	7_40	46.667	45	24	0	268	312	116	160	8.62e-08	44.7
6_24	7_7	37.681	69	43	0	258	326	475	543	1.23e-07	45.4
6_24	7_35	38.983	59	33	2	281	339	12	67	3.58e-07	42.7
6_24	7_0	30.303	99	59	2	228	321	392	485	3.94e-07	43.5
6_24	7_19	32.895	76	48	2	261	336	69	141	1.26e-06	41.2
6_24	7_11	48.485	33	13	1	305	333	801	833	1.44e-06	42.4
6_24	7_11	36.957	46	28	1	265	309	49	94	2.22e-04	35.0
6_24	7_47	37.931	58	34	1	262	317	125	182	1.14e-04	35.8
6_24	7_28	36.170	47	30	0	268	314	194	240	1.84e-04	35.0
6_24	7_36	31.148	61	42	0	273	333	2	62	2.74e-04	33.9
6_25	7_12	59.649	57	23	0	223	279	92	148	4.87e-20	79.3
6_25	7_46	50.704	71	35	0	218	288	50	120	1.72e-18	74.7
6_25	7_5	56.140	57	25	0	229	285	322	378	2.05e-17	74.3
6_25	7_27	43.038	79	45	0	223	301	28	106	3.20e-17	69.7
6_25	7_34	43.750	80	44	1	212	290	132	211	3.66e-17	72.4
6_25	7_25	47.222	72	37	1	219	289	92	163	7.96e-17	69.3
6_25	7_26	53.968	63	29	0	229	291	89	151	8.39e-17	70.1
6_25	7_18	50.000	70	31	1	220	289	99	164	4.95e-16	68.2
6_25	7_49	50.847	59	29	0	223	281	101	159	5.60e-15	67.0
6_25	7_31	39.773	88	46	2	223	305	54	139	8.83e-15	65.5
6_25	7_6	42.254	71	41	0	219	289	47	117	7.41e-14	63.9
6_25	7_3	47.368	57	30	0	223	279	108	164	1.01e-13	60.8
6_25	7_30	54.237	59	21	1	223	281	80	132	1.75e-13	60.8
6_25	7_4	34.545	110	64	4	174	280	188	292	2.96e-13	61.2
6_25	7_38	51.786	56	27	0	229	284	20	75	1.70e-12	59.3
6_25	7_37	35.366	82	45	1	204	285	58	131	3.68e-12	57.0
6_25	7_32	41.667	60	35	0	220	279	73	132	2.77e-11	55.5
6_25	7_21	39.344	61	37	0	219	279	301	361	7.98e-10	51.2
6_25	7_40	47.917	48	25	0	218	265	113	160	3.36e-09	48.1
6_25	7_39	47.917	48	25	0	218	265	121	168	3.49e-09	48.1
6_25	7_42	39.344	61	37	0	222	282	78	138	4.03e-09	48.5
6_25	7_1	44.681	47	26	0	233	279	463	509	1.11e-07	44.7
6_25	7_7	36.207	58	37	0	223	280	487	544	6.77e-07	42.4
6_25	7_0	40.351	57	34	0	223	279	434	490	2.72e-06	40.0
6_25	7_11	37.778	45	28	0	235	279	778	822	6.34e-06	39.3
6_25	7_28	35.417	48	31	0	220	267	193	240	5.34e-05	36.2
6_25	7_35	31.667	60	36	1	234	293	10	64	9.53e-05	34.7
6_25	7_47	35.417	48	31	0	223	270	135	182	5.64e-04	32.7
6_25	7_36	31.481	54	37	0	226	279	2	55	5.86e-04	32.0
6_25	7_22	28.767	73	37	2	223	280	94	166	5.95e-04	32.3
6_26	7_8	55.970	134	44	4	80	211	48	168	3.97e-40	147
6_26	7_8	71.111	45	13	0	378	422	937	981	1.79e-18	80.5
6_26	7_8	48.000	50	21	2	331	380	365	409	1.34e-08	48.9
6_26	7_9	55.970	134	44	4	80	211	48	168	7.45e-40	146
6_26	7_9	71.111	45	13	0	378	422	930	974	2.05e-18	80.5
6_26	7_9	48.000	50	21	2	331	380	358	402	1.48e-08	48.9
6_26	7_14	44.444	63	32	1	351	413	189	248	3.65e-13	63.2
6_26	7_13	43.103	58	33	0	358	415	18	75	3.82e-13	62.8
6_26	7_24	47.727	44	23	0	370	413	5	48	4.06e-12	58.2
6_26	7_44	43.396	53	27	1	356	408	124	173	2.91e-09	48.5
6_26	7_34	27.174	92	64	2	332	421	115	205	6.38e-05	36.2
6_26	7_25	26.582	79	53	2	346	424	87	160	9.52e-05	35.0
6_26	7_10	60.870	23	9	0	391	413	2	24	1.38e-04	35.4
6_26	7_32	32.857	70	46	1	343	412	61	129	2.32e-04	35.0
6_26	7_36	34.091	44	29	0	383	426	23	66	2.56e-04	33.9
6_27	7_16	28.000	225	135	6	279	488	892	1104	7.98e-16	72.0
6_27	7_16	27.823	248	144	10	218	452	408	633	4.47e-13	63.2
6_27	7_15	28.000	225	135	6	279	488	874	1086	8.98e-16	71.6
6_27	7_15	33.871	124	67	5	218	340	408	517	1.87e-12	61.2
6_27	7_37	31.250	96	49	3	408	486	72	167	2.79e-05	37.0
6_27	7_8	46.154	39	21	0	427	465	940	978	1.83e-04	35.4
6_27	7_9	46.154	39	21	0	427	465	933	971	1.85e-04	35.4
6_27	7_22	26.950	141	77	6	345	468	40	171	2.61e-04	34.3
6_27	7_29	24.615	65	49	0	402	466	116	180	5.71e-04	32.7
6_28	7_25	45.455	88	41	1	176	263	90	170	2.02e-19	75.9
6_28	7_31	48.438	64	33	0	181	244	52	115	3.26e-16	68.9
6_28	7_34	48.387	62	32	0	181	242	141	202	1.21e-15	67.4
6_28	7_12	48.276	58	30	0	183	240	92	149	2.09e-14	62.8
6_28	7_37	32.877	146	73	4	150	273	36	178	2.40e-14	62.8
6_28	7_18	40.206	97	52	2	181	273	100	194	4.89e-14	61.6
6_28	7_26	48.438	64	31	1	188	251	88	149	1.79e-13	60.1
6_28	7_49	40.845	71	42	0	173	243	91	161	3.12e-13	61.2
6_28	7_3	47.541	61	32	0	179	239	104	164	7.55e-13	57.8
6_28	7_27	39.394	66	40	0	181	246	26	91	1.61e-12	56.2
6_28	7_5	52.830	53	25	0	189	241	322	374	1.77e-12	58.5
6_28	7_4	47.368	57	30	0	183	239	235	291	3.73e-12	57.4
6_28	7_46	34.146	82	53	1	183	263	55	136	9.53e-12	55.1
6_28	7_38	46.032	63	34	0	181	243	12	74	3.78e-11	54.7
6_28	7_6	30.928	97	59	2	181	276	49	138	1.26e-10	53.5
6_28	7_32	38.571	70	41	1	181	248	74	143	8.75e-10	50.4
6_28	7_30	38.462	78	42	1	181	258	78	149	1.81e-09	48.5
6_28	7_21	35.821	67	43	0	181	247	303	369	3.02e-09	48.9
6_28	7_14	31.959	97	64	2	183	277	193	289	1.09e-06	40.8
6_28	7_19	30.303	66	46	0	178	243	71	136	1.54e-06	39.7
6_28	7_7	30.864	81	54	1	159	239	465	543	2.00e-06	40.0
6_28	7_1	35.484	62	39	1	193	253	463	524	9.89e-06	38.1
6_28	7_35	30.159	63	44	0	192	254	8	70	1.60e-05	36.6
6_28	7_28	37.097	62	32	1	173	227	179	240	5.14e-05	35.8
6_28	7_13	27.632	76	48	1	200	275	36	104	1.10e-04	34.7
6_28	7_45	26.866	67	49	0	178	244	527	593	1.20e-04	34.7
6_28	7_36	31.250	64	39	1	186	244	2	65	1.28e-04	33.9
6_28	7_0	26.389	72	51	2	175	245	426	496	2.00e-04	33.9
6_28	7_47	36.000	50	32	0	181	230	133	182	2.29e-04	33.5
6_28	7_22	31.944	72	34	2	183	239	94	165	2.43e-04	33.1
6_28	7_40	41.860	43	25	0	183	225	118	160	2.94e-04	32.7
6_28	7_39	41.860	43	25	0	183	225	126	168	3.16e-04	32.7
6_28	7_11	30.986	71	41	2	203	273	790	852	4.62e-04	32.7
6_29	7_14	41.818	55	29	1	137	188	194	248	1.00e-05	37.7
6_29	7_24	50.000	32	16	0	157	188	17	48	1.39e-05	37.0
6_29	7_9	46.875	32	17	0	157	188	934	965	1.89e-05	37.4
6_29	7_8	46.875	32	17	0	157	188	941	972	1.96e-05	37.0
6_29	7_13	41.818	55	29	1	137	188	19	73	2.54e-05	36.6
6_30	7_35	77.108	83	19	0	285	367	16	98	1.15e-42	144
6_30	7_32	58.571	70	29	0	256	325	64	133	3.31e-25	99.8
6_30	7_6	63.235	68	25	0	265	332	48	115	5.34e-25	100
6_30	7_21	52.239	67	32	0	263	329	300	366	1.52e-19	83.2
6_30	7_1	64.000	50	18	0	278	327	463	512	4.23e-19	82.0
6_30	7_47	54.167	72	28	2	249	315	111	182	3.05e-17	75.9
6_30	7_28	53.226	62	29	0	251	312	179	240	6.69e-16	71.6
6_30	7_12	46.552	58	31	0	268	325	92	149	3.84e-15	66.6
6_30	7_46	39.560	91	43	2	235	325	34	112	1.63e-14	64.3
6_30	7_31	35.075	134	59	4	268	392	54	168	1.83e-13	62.8
6_30	7_43	57.778	45	19	0	268	312	393	437	7.40e-13	62.0
6_30	7_34	32.673	101	57	2	227	327	113	202	1.50e-12	59.7
6_30	7_27	40.789	76	41	2	271	345	31	103	1.96e-12	57.0
6_30	7_5	46.154	52	28	0	273	324	321	372	3.40e-12	59.7
6_30	7_2	53.333	45	21	0	268	312	133	177	3.65e-12	60.1
6_30	7_49	34.314	102	64	1	226	324	56	157	7.47e-12	58.9
6_30	7_3	41.270	63	37	0	268	330	108	170	1.63e-11	55.5
6_30	7_37	35.714	84	47	2	271	354	72	148	3.05e-11	55.1
6_30	7_19	42.424	66	38	0	268	333	76	141	3.16e-11	55.1
6_30	7_38	34.409	93	54	3	274	363	20	108	4.30e-11	56.2
6_30	7_4	39.683	63	38	0	268	330	235	297	1.37e-10	53.9
6_30	7_36	46.296	54	29	0	271	324	2	55	2.20e-10	52.4
6_30	7_18	40.299	67	39	1	265	330	99	165	1.24e-09	50.1
6_30	7_26	29.907	107	71	1	236	342	55	157	1.43e-09	50.1
6_30	7_42	40.000	60	36	0	268	327	79	138	3.70e-08	46.6
6_30	7_0	33.333	63	42	0	266	328	432	494	4.72e-07	43.5
6_30	7_11	28.571	49	35	0	291	339	789	837	2.69e-06	41.2
6_30	7_25	33.784	74	48	1	268	341	97	169	3.43e-06	39.3
6_30	7_7	35.714	56	36	0	269	324	488	543	3.91e-05	37.4
6_30	7_45	24.706	85	64	0	243	327	507	591	4.13e-05	37.4
6_30	7_29	30.357	56	39	0	264	319	115	170	2.76e-04	33.9
6_30	7_30	30.952	84	47	2	268	346	80	157	2.94e-04	33.9
6_30	7_16	30.508	59	41	0	268	326	1018	1076	4.22e-04	34.3
6_30	7_15	30.508	59	41	0	268	326	1000	1058	4.62e-04	34.3
6_31	7_34	80.000	35	7	0	88	122	131	165	4.71e-15	61.6
6_31	7_27	52.174	23	11	0	100	122	28	50	2.71e-04	30.4
6_32	7_34	72.549	51	12	1	236	286	121	169	2.25e-18	75.5
6_32	7_18	50.000	36	17	1	257	291	99	134	1.12e-06	40.0
6_32	7_27	50.000	34	16	1	259	291	27	60	3.03e-06	38.1
6_32	7_30	47.500	40	15	1	246	285	72	105	1.12e-05	37.4
6_32	7_39	38.235	34	21	0	257	290	123	156	1.19e-04	34.3
6_32	7_40	38.235	34	21	0	257	290	115	148	1.24e-04	33.9
6_32	7_26	46.154	26	14	0	265	290	88	113	6.35e-04	32.0
6_33	7_8	60.606	99	32	3	149	247	937	1028	3.18e-32	120
6_33	7_8	44.800	125	59	4	35	151	287	409	4.09e-24	96.3
6_33	7_9	63.636	88	30	2	149	236	930	1015	4.44e-32	120
6_33	7_9	40.323	124	59	5	35	151	287	402	3.11e-19	81.6
6_33	7_13	42.105	57	33	0	128	184	17	73	4.35e-13	61.6
6_33	7_14	30.631	111	61	2	128	238	192	286	5.62e-13	61.6
6_33	7_24	45.455	44	24	0	141	184	5	48	4.92e-11	54.3
6_33	7_44	35.417	48	28	1	132	179	129	173	1.25e-05	37.4
6_34	7_44	62.209	172	61	1	109	276	2	173	2.41e-81	243
6_34	7_14	37.755	98	56	4	234	328	199	294	1.76e-08	48.1
6_34	7_24	51.163	43	18	2	241	280	5	47	1.24e-07	44.7
6_34	7_22	39.189	74	29	3	231	289	98	170	3.42e-07	43.1
6_34	7_13	50.000	50	21	3	234	280	24	72	4.50e-07	43.5
6_34	7_8	53.125	32	15	0	249	280	940	971	4.79e-07	43.5
6_34	7_9	53.125	32	15	0	249	280	933	964	5.36e-07	43.5
6_34	7_49	38.182	55	34	0	241	295	115	169	6.79e-07	43.1
6_34	7_7	28.205	117	65	4	172	282	439	542	7.03e-07	43.1
6_34	7_37	28.723	94	61	1	232	319	74	167	5.24e-06	39.3
6_34	7_18	35.849	53	26	1	234	278	101	153	6.73e-06	38.9
6_34	7_29	40.909	44	26	0	235	278	127	170	8.34e-06	38.1
6_34	7_15	35.417	48	31	0	233	280	1006	1053	1.58e-05	38.9
6_34	7_16	35.417	48	31	0	233	280	1024	1071	1.68e-05	38.9
6_34	7_42	31.250	80	47	2	241	315	93	169	4.34e-05	36.6
6_34	7_34	29.808	104	58	3	207	307	135	226	7.04e-05	36.2
6_34	7_38	45.455	33	18	0	250	282	37	69	7.89e-05	36.2
6_34	7_45	30.303	66	40	1	223	282	522	587	1.06e-04	36.2
6_34	7_36	31.250	48	33	0	241	288	13	60	1.29e-04	34.7
6_34	7_46	35.000	40	26	0	241	280	69	108	2.98e-04	33.5
6_34	7_32	45.455	33	18	0	250	282	99	131	3.67e-04	34.3
6_34	7_21	36.585	41	26	0	245	285	323	363	3.95e-04	34.3
6_34	7_19	32.558	43	29	0	240	282	89	131	4.63e-04	33.1
6_34	7_20	29.091	55	32	1	259	306	108	162	4.80e-04	33.5
6_34	7_6	30.000	50	35	0	233	282	57	106	6.12e-04	33.5
6_34	7_25	26.230	61	45	0	240	300	110	170	6.84e-04	32.3
6_34	7_1	33.333	81	37	5	250	330	476	539	8.64e-04	33.1
6_34	7_26	41.176	51	27	1	250	297	106	156	0.001	32.3
6_35	7_27	60.000	20	8	0	179	198	28	47	5.93e-04	30.8
6_36	7_12	91.892	37	3	0	238	274	89	125	1.16e-19	77.4
6_36	7_46	55.556	36	16	0	239	274	53	88	2.57e-07	42.0
6_36	7_30	44.444	45	23	1	230	274	71	113	1.70e-06	39.7
6_36	7_28	40.580	69	35	3	212	274	161	229	1.91e-05	37.0
6_36	7_31	50.000	36	18	0	239	274	52	87	2.94e-05	36.2
6_36	7_6	55.556	36	16	0	239	274	49	84	1.54e-04	34.3
6_36	7_49	47.222	36	19	0	239	274	99	134	1.70e-04	33.9
6_36	7_32	42.857	42	24	0	233	274	68	109	3.30e-04	33.1
6_36	7_18	46.429	28	15	0	239	266	100	127	3.49e-04	32.3
6_36	7_5	51.724	29	14	0	246	274	321	349	5.53e-04	32.3
6_37	7_34	41.791	67	39	0	252	318	125	191	2.02e-17	73.2
6_37	7_46	47.143	70	37	0	249	318	34	103	2.03e-16	68.6
6_37	7_26	49.315	73	37	0	246	318	59	131	1.54e-15	66.2
6_37	7_12	42.308	78	30	1	256	318	63	140	1.95e-15	66.2
6_37	7_27	54.902	51	23	0	268	318	26	76	6.27e-15	63.2
6_37	7_18	53.846	52	24	0	267	318	99	150	4.08e-14	62.4
6_37	7_31	40.323	62	37	0	257	318	41	102	2.01e-13	61.2
6_37	7_49	50.000	52	26	0	267	318	98	149	6.11e-13	60.8
6_37	7_5	60.465	43	17	0	276	318	322	364	2.16e-12	58.9
6_37	7_38	52.941	51	24	0	268	318	12	62	2.14e-11	55.8
6_37	7_11	50.000	54	27	0	241	294	25	78	6.24e-11	55.1
6_37	7_30	48.889	45	23	0	268	312	78	122	1.40e-10	52.0
6_37	7_32	43.137	51	29	0	267	317	73	123	2.70e-10	52.4
6_37	7_3	37.705	61	35	1	258	318	99	156	4.88e-10	50.1
6_37	7_37	45.652	46	25	0	273	318	72	117	9.16e-10	49.7
6_37	7_21	39.623	53	32	0	266	318	301	353	9.44e-10	50.8
6_37	7_4	41.071	56	31	1	265	318	228	283	9.84e-10	50.4
6_37	7_25	39.623	53	32	0	266	318	93	145	7.39e-09	46.2
6_37	7_47	37.313	67	40	1	251	317	118	182	1.38e-08	47.4
6_37	7_40	43.478	46	26	0	267	312	115	160	1.81e-08	45.8
6_37	7_39	43.478	46	26	0	267	312	123	168	1.97e-08	45.8
6_37	7_28	31.183	93	53	3	233	314	148	240	3.53e-07	42.7
6_37	7_6	30.769	52	36	0	267	318	48	99	3.71e-07	43.1
6_37	7_2	36.207	58	34	1	257	314	123	177	3.01e-05	37.0
6_37	7_0	33.333	54	36	0	264	317	428	481	7.30e-05	35.4
6_37	7_1	40.000	35	21	0	284	318	467	501	1.75e-04	34.3
6_38	7_37	71.186	59	17	0	410	468	72	130	7.47e-27	100
6_38	7_27	48.276	87	38	3	395	476	15	99	8.14e-18	72.8
6_38	7_18	49.351	77	38	1	393	469	89	164	8.94e-18	74.3
6_38	7_34	44.706	85	45	1	386	468	120	204	1.61e-17	75.1
6_38	7_38	51.515	66	32	0	402	467	9	74	1.28e-16	73.6
6_38	7_46	55.556	54	24	0	409	462	57	110	5.36e-16	68.6
6_38	7_30	34.266	143	59	6	396	515	73	203	1.61e-14	64.7
6_38	7_26	52.941	51	24	0	412	462	88	138	5.49e-14	63.2
6_38	7_12	44.444	54	30	0	409	462	94	147	2.15e-13	61.6
6_38	7_49	48.649	74	36	1	396	467	90	163	2.51e-13	63.9
6_38	7_25	38.372	86	47	2	397	479	90	172	3.08e-12	57.0
6_38	7_31	49.020	51	26	0	410	460	57	107	1.26e-11	57.0
6_38	7_6	35.484	93	57	1	404	493	48	140	1.68e-11	58.2
6_38	7_5	38.095	84	47	1	382	465	296	374	2.28e-11	57.0
6_38	7_21	37.313	67	42	0	403	469	301	367	4.30e-11	56.6
6_38	7_32	46.667	60	32	0	403	462	72	131	5.21e-11	56.2
6_38	7_4	38.182	55	34	0	410	464	238	292	2.36e-10	53.5
6_38	7_3	37.143	70	38	1	397	460	92	161	5.04e-09	48.1
6_38	7_1	45.098	51	28	0	415	465	461	511	1.30e-07	45.4
6_38	7_11	27.027	74	50	1	420	493	783	852	2.33e-07	45.1
6_38	7_40	45.000	40	22	0	410	449	121	160	3.56e-07	43.1
6_38	7_39	45.000	40	22	0	410	449	129	168	3.91e-07	42.7
6_38	7_35	40.426	47	28	0	425	471	17	63	4.54e-07	42.7
6_38	7_19	35.135	74	45	2	399	471	70	141	1.28e-06	41.2
6_38	7_36	32.812	64	43	0	410	473	2	65	2.25e-05	37.4
6_38	7_14	27.132	129	78	4	404	520	193	317	3.54e-05	37.7
6_38	7_47	36.538	52	33	0	403	454	131	182	1.30e-04	35.8
6_38	7_10	32.258	93	58	3	439	529	2	91	2.51e-04	34.7
6_38	7_45	25.000	92	62	2	382	473	509	593	4.90e-04	34.3
6_38	7_42	45.946	37	15	1	436	472	108	139	6.15e-04	33.5
6_39	7_6	62.903	62	23	0	14	75	49	110	2.78e-22	89.4
6_39	7_32	43.243	111	60	2	10	120	70	177	3.09e-21	85.1
6_39	7_12	55.738	61	27	0	12	72	88	148	2.61e-18	74.3
6_39	7_21	50.000	74	37	0	1	74	290	363	1.06e-17	75.1
6_39	7_35	67.442	43	14	0	34	76	17	59	5.08e-17	70.9
6_39	7_19	42.466	73	36	1	14	80	74	146	7.10e-16	67.4
6_39	7_1	60.000	50	20	0	26	75	463	512	2.71e-15	67.8
6_39	7_37	34.711	121	72	3	9	122	59	179	1.10e-14	63.9
6_39	7_36	45.455	55	30	0	18	72	1	55	1.45e-13	60.5
6_39	7_47	50.847	59	29	0	5	63	124	182	2.22e-12	58.9
6_39	7_26	48.077	52	27	0	21	72	88	139	5.28e-12	56.2
6_39	7_46	32.143	84	53	1	14	97	53	132	1.91e-11	54.3
6_39	7_28	59.574	47	19	0	14	60	194	240	3.55e-11	55.1
6_39	7_49	44.068	59	33	0	14	72	99	157	4.71e-11	55.1
6_39	7_4	41.379	58	34	0	15	72	234	291	7.10e-11	53.9
6_39	7_31	43.478	69	36	2	5	72	44	110	7.73e-11	53.5
6_39	7_42	39.130	69	42	0	10	78	73	141	1.03e-10	53.1
6_39	7_27	42.373	59	34	0	14	72	26	84	1.39e-10	50.8
6_39	7_38	41.176	68	35	1	12	79	15	77	1.63e-10	53.1
6_39	7_5	41.509	53	31	0	22	74	322	374	3.36e-10	52.0
6_39	7_18	44.068	59	33	0	14	72	100	158	3.79e-10	50.8
6_39	7_34	40.678	59	35	0	14	72	141	199	6.88e-10	50.4
6_39	7_45	33.803	71	47	0	5	75	521	591	1.68e-09	50.4
6_39	7_3	36.923	65	41	0	8	72	100	164	1.95e-09	48.5
6_39	7_2	48.214	56	27	1	5	60	124	177	4.39e-09	48.9
6_39	7_43	50.000	46	23	0	15	60	392	437	4.57e-09	48.5
6_39	7_29	35.185	54	35	0	14	67	117	170	2.52e-08	45.1
6_39	7_30	38.571	70	34	2	9	75	70	133	7.69e-08	43.9
6_39	7_0	28.205	78	53	1	2	76	417	494	3.32e-06	39.7
6_39	7_11	61.905	21	8	0	58	78	808	828	6.37e-06	38.9
6_39	7_40	40.000	55	32	1	5	58	106	160	7.54e-06	37.7
6_39	7_39	40.000	55	32	1	5	58	114	168	7.70e-06	38.1
6_39	7_25	33.898	59	39	0	14	72	95	153	1.90e-05	36.2
6_39	7_22	29.545	88	47	3	16	88	94	181	5.18e-05	35.4
6_39	7_7	30.435	69	48	0	13	81	484	552	3.37e-04	33.5
6_40	7_21	33.803	71	42	1	17	87	296	361	1.58e-07	39.7
6_40	7_37	30.612	49	34	0	41	89	79	127	5.81e-06	35.0
6_40	7_12	30.769	52	35	1	45	95	106	157	7.34e-06	34.7
6_40	7_27	25.000	44	33	0	44	87	41	84	8.05e-05	31.6
6_40	7_38	27.451	51	37	0	41	91	24	74	1.68e-04	30.8
6_40	7_46	27.083	48	35	0	40	87	64	111	4.27e-04	29.6
6_40	7_5	27.660	47	34	0	44	90	329	375	5.54e-04	29.6
6_40	7_3	29.412	51	36	0	41	91	118	168	7.58e-04	28.9
6_40	7_32	32.000	50	34	0	41	90	86	135	7.81e-04	28.9
6_41	7_24	59.091	88	36	0	55	142	1	88	1.70e-31	111
6_41	7_13	51.316	76	33	2	41	116	13	84	1.04e-18	77.8
6_41	7_14	35.897	117	55	3	16	116	147	259	2.28e-17	74.3
6_41	7_8	51.515	33	16	0	70	102	940	972	2.21e-07	43.5
6_41	7_9	51.515	33	16	0	70	102	933	965	2.35e-07	43.5
6_41	7_10	64.000	25	9	0	79	103	1	25	2.05e-05	37.0
6_41	7_44	35.897	39	22	1	59	97	138	173	8.67e-04	31.6
6_42	7_1	76.316	38	9	0	1	38	474	511	3.20e-17	70.9
6_42	7_35	68.421	38	12	0	1	38	20	57	3.36e-16	66.2
6_42	7_32	54.545	55	25	0	1	55	97	151	3.78e-16	67.8
6_42	7_21	72.973	37	10	0	3	39	328	364	7.54e-16	67.0
6_42	7_6	35.088	114	69	3	1	109	72	185	1.96e-13	60.1
6_42	7_19	47.273	55	22	2	2	52	98	149	7.00e-09	45.8
6_42	7_2	70.833	24	7	0	1	24	154	177	5.23e-08	43.9
6_42	7_34	47.222	36	19	0	2	37	165	200	8.03e-08	43.1
6_42	7_36	48.837	43	18	1	2	40	21	63	1.13e-07	42.0
6_42	7_12	42.857	42	24	0	1	42	113	154	1.89e-07	41.6
6_42	7_3	53.571	28	13	0	9	36	137	164	2.19e-07	41.2
6_42	7_4	50.000	28	14	0	9	36	264	291	2.30e-07	41.6
6_42	7_49	41.463	41	24	0	2	42	123	163	2.69e-07	41.6
6_42	7_28	66.667	24	8	0	1	24	217	240	2.82e-07	41.6
6_42	7_37	46.875	32	17	0	9	40	98	129	3.08e-07	40.8
6_42	7_38	50.000	30	15	0	9	38	43	72	4.64e-07	40.8
6_42	7_18	43.243	37	21	0	9	45	131	167	4.66e-07	40.4
6_42	7_25	60.714	28	11	0	9	36	126	153	8.12e-07	39.3
6_42	7_46	30.120	83	48	4	9	84	84	163	8.49e-07	39.7
6_42	7_5	37.778	45	24	1	9	53	345	385	1.21e-06	39.7
6_42	7_42	51.351	37	14	1	8	44	107	139	1.34e-06	39.3
6_42	7_29	53.571	28	13	0	4	31	143	170	1.34e-06	38.9
6_42	7_31	50.000	30	15	0	9	38	83	112	4.38e-06	37.7
6_42	7_27	48.276	29	15	0	9	37	57	85	1.06e-05	35.8
6_42	7_26	48.276	29	15	0	9	37	112	140	1.07e-05	36.2
6_42	7_47	55.556	27	12	0	1	27	156	182	1.29e-05	36.6
6_42	7_43	54.167	24	11	0	1	24	414	437	3.42e-05	35.4
6_42	7_45	44.444	27	15	0	11	37	563	589	3.24e-04	32.3
6_43	7_46	59.016	61	25	0	152	212	51	111	3.29e-20	78.2
6_43	7_31	60.656	61	24	0	156	216	54	114	3.48e-20	79.7
6_43	7_12	55.932	59	26	0	154	212	90	148	9.44e-20	77.4
6_43	7_25	50.704	71	33	1	153	223	94	162	1.07e-17	70.5
6_43	7_49	51.515	66	32	0	154	219	99	164	3.47e-16	69.3
6_43	7_27	47.761	67	35	0	146	212	18	84	3.65e-16	65.9
6_43	7_5	60.000	55	22	0	161	215	321	375	5.15e-16	68.6
6_43	7_26	48.276	58	30	0	161	218	88	145	5.88e-16	66.6
6_43	7_18	59.322	59	24	0	154	212	100	158	1.22e-15	65.9
6_43	7_4	46.774	62	33	0	156	217	235	296	4.87e-15	65.5
6_43	7_37	40.000	75	42	1	147	218	57	131	6.36e-15	63.9
6_43	7_34	40.506	79	47	0	136	214	123	201	1.43e-14	63.9
6_43	7_3	43.939	66	37	0	152	217	104	169	1.26e-13	59.7
6_43	7_32	42.683	82	41	2	134	215	60	135	1.83e-13	61.2
6_43	7_6	38.889	72	44	0	154	225	49	120	3.68e-13	60.5
6_43	7_21	46.429	56	30	0	157	212	306	361	4.80e-13	60.1
6_43	7_38	50.000	56	28	0	159	214	17	72	3.13e-12	57.4
6_43	7_19	34.722	72	46	1	154	225	74	144	6.63e-09	46.6
6_43	7_30	42.623	61	29	1	154	214	78	132	1.42e-08	45.4
6_43	7_1	40.000	55	33	0	166	220	463	517	1.08e-07	43.9
6_43	7_36	40.000	60	34	2	159	217	2	60	3.08e-07	41.6
6_43	7_28	44.681	47	26	0	154	200	194	240	5.37e-07	41.6
6_43	7_2	40.385	52	31	0	149	200	126	177	9.33e-07	41.2
6_43	7_35	42.500	40	23	0	173	212	16	55	9.56e-07	40.0
6_43	7_47	37.879	66	39	1	138	203	119	182	9.74e-07	40.8
6_43	7_0	34.426	61	40	0	153	213	431	491	3.67e-06	38.9
6_43	7_42	37.288	59	37	0	156	214	79	137	4.68e-06	38.5
6_43	7_7	35.088	57	37	0	156	212	487	543	1.38e-05	37.4
6_43	7_40	30.556	72	47	1	130	198	89	160	4.32e-05	35.0
6_43	7_39	40.000	45	27	0	154	198	124	168	5.44e-05	35.0
6_43	7_22	31.646	79	39	3	149	212	87	165	1.27e-04	33.9
6_43	7_11	56.522	23	10	0	198	220	808	830	1.79e-04	33.9
6_43	7_45	26.250	80	58	1	139	218	515	593	2.31e-04	33.5
6_43	7_14	29.825	57	40	0	156	212	194	250	6.15e-04	32.3
6_44	7_12	48.837	86	43	1	287	372	92	176	1.68e-18	75.9
6_44	7_31	61.404	57	22	0	287	343	54	110	2.32e-18	76.6
6_44	7_25	47.368	76	39	1	287	361	97	172	3.50e-16	68.2
6_44	7_49	44.444	90	44	1	287	376	101	184	8.03e-16	70.9
6_44	7_27	44.444	63	35	0	287	349	28	90	1.24e-15	65.9
6_44	7_26	50.909	55	27	0	292	346	88	142	2.70e-15	66.6
6_44	7_34	47.368	57	30	0	287	343	143	199	3.41e-15	67.4
6_44	7_5	56.364	55	24	0	292	346	321	375	5.20e-15	67.8
6_44	7_4	54.237	59	27	0	285	343	233	291	1.10e-14	66.2
6_44	7_46	50.000	60	30	0	287	346	55	114	2.07e-14	63.5
6_44	7_37	48.276	58	30	0	290	347	72	129	1.16e-13	61.6
6_44	7_3	52.542	59	28	0	285	343	106	164	2.08e-12	57.8
6_44	7_38	55.102	49	22	0	297	345	24	72	5.41e-12	58.5
6_44	7_18	44.828	58	32	0	287	344	102	159	1.75e-11	55.5
6_44	7_21	45.161	62	34	0	288	349	306	367	3.45e-11	56.2
6_44	7_32	42.188	64	37	0	280	343	69	132	9.48e-11	54.7
6_44	7_30	32.609	138	71	5	287	412	80	207	4.39e-10	51.2
6_44	7_6	36.986	73	40	2	287	356	51	120	9.12e-09	48.9
6_44	7_11	40.426	47	24	1	299	345	782	824	2.49e-07	44.3
6_44	7_35	41.176	51	26	2	298	348	14	60	3.01e-06	39.7
6_44	7_42	32.990	97	57	2	275	363	67	163	1.37e-05	38.1
6_44	7_19	36.066	61	33	2	287	344	76	133	4.45e-05	36.2
6_44	7_1	46.429	28	15	0	318	345	484	511	5.34e-05	36.6
6_44	7_39	41.463	41	24	0	287	327	126	166	1.47e-04	34.7
6_44	7_40	41.463	41	24	0	287	327	118	158	1.48e-04	34.7
6_44	7_7	31.579	57	39	0	287	343	487	543	1.49e-04	35.4
6_44	7_45	29.688	64	39	2	283	343	528	588	3.12e-04	34.3
6_44	7_14	30.120	83	52	2	288	368	199	277	7.80e-04	32.7
6_44	7_13	28.169	71	47	2	277	344	7	76	0.001	32.7
6_45	7_18	32.061	131	78	4	54	184	93	212	3.45e-14	62.8
6_45	7_31	46.552	58	31	0	62	119	53	110	4.62e-13	60.1
6_45	7_49	39.706	68	37	1	56	123	98	161	3.18e-12	58.5
6_45	7_34	40.351	57	34	0	63	119	143	199	9.74e-12	56.2
6_45	7_27	32.353	68	45	1	56	123	22	88	1.02e-11	54.3
6_45	7_4	36.471	85	50	2	38	120	210	292	1.49e-11	55.8
6_45	7_5	44.231	52	29	0	69	120	322	373	2.40e-11	55.8
6_45	7_12	40.000	60	36	0	60	119	89	148	2.93e-11	54.3
6_45	7_3	35.385	65	42	0	55	119	100	164	3.67e-11	53.5
6_45	7_46	35.938	64	38	1	63	123	55	118	1.39e-10	52.0
6_45	7_38	42.308	52	30	0	69	120	20	71	2.92e-10	52.4
6_45	7_37	32.394	71	48	0	46	116	52	122	3.04e-09	48.1
6_45	7_32	38.333	60	36	1	63	121	76	135	6.72e-09	48.1
6_45	7_26	37.255	51	32	0	69	119	89	139	2.51e-08	45.4
6_45	7_42	41.538	65	30	2	60	120	76	136	3.08e-08	45.8
6_45	7_6	35.714	70	41	1	50	119	42	107	5.64e-08	45.4
6_45	7_25	33.333	60	40	0	62	121	96	155	1.05e-07	43.1
6_45	7_7	31.034	87	52	2	36	120	464	544	1.58e-07	44.3
6_45	7_15	30.108	93	63	2	59	151	996	1086	7.48e-07	42.0
6_45	7_16	30.108	93	63	2	59	151	1014	1104	7.49e-07	42.0
6_45	7_21	33.929	56	37	0	64	119	306	361	1.05e-06	41.6
6_45	7_1	32.075	53	36	0	67	119	457	509	1.55e-06	40.8
6_45	7_0	33.333	60	40	0	59	118	430	489	4.12e-06	39.7
6_45	7_19	29.825	57	40	0	63	119	76	132	3.21e-05	36.2
6_45	7_45	29.310	58	41	0	64	121	533	590	5.68e-05	36.2
6_45	7_22	29.630	81	42	1	63	128	94	174	7.77e-05	35.0
6_45	7_30	32.759	58	33	1	63	120	80	131	1.14e-04	34.3
6_45	7_36	29.630	54	38	0	66	119	2	55	2.41e-04	33.1
6_45	7_35	33.333	39	26	0	81	119	17	55	2.45e-04	33.5
6_46	7_34	46.617	133	64	3	316	444	113	242	1.00e-29	109
6_46	7_27	36.937	111	63	2	341	451	26	129	1.95e-19	77.0
6_46	7_12	50.633	79	38	1	338	416	87	164	1.12e-18	76.6
6_46	7_26	58.065	62	26	0	348	409	88	149	1.21e-18	76.3
6_46	7_49	52.857	70	33	0	341	410	99	168	4.40e-17	75.1
6_46	7_18	39.326	89	50	3	341	426	100	187	1.42e-16	70.5
6_46	7_5	43.421	76	43	0	348	423	321	396	3.09e-15	68.9
6_46	7_31	46.774	62	33	0	341	402	52	113	3.98e-15	67.4
6_46	7_38	53.125	64	30	0	340	403	11	74	2.32e-14	66.2
6_46	7_37	45.833	72	35	1	346	413	72	143	2.60e-14	63.9
6_46	7_46	49.206	63	32	0	338	400	50	112	3.47e-14	63.2
6_46	7_30	47.887	71	31	1	336	406	73	137	8.94e-14	62.4
6_46	7_4	48.387	62	32	0	338	399	230	291	3.46e-12	58.9
6_46	7_25	40.625	64	38	0	336	399	90	153	1.14e-11	55.1
6_46	7_39	35.238	105	61	3	332	432	115	216	8.47e-11	53.5
6_46	7_40	35.238	105	61	3	332	432	107	208	9.35e-11	53.5
6_46	7_21	34.524	84	54	1	339	421	301	384	1.60e-10	54.3
6_46	7_3	47.368	57	30	0	343	399	108	164	5.72e-10	50.4
6_46	7_6	36.364	88	47	2	328	407	37	123	6.94e-10	52.8
6_46	7_32	40.000	60	36	0	341	400	74	133	1.50e-08	47.8
6_46	7_19	30.303	66	46	0	341	406	74	139	1.15e-05	38.1
6_46	7_0	31.250	64	44	0	335	398	426	489	4.01e-05	37.0
6_46	7_11	54.839	31	13	1	379	408	802	832	5.44e-05	37.0
6_46	7_11	34.211	76	42	2	292	367	11	78	1.15e-04	35.8
6_46	7_1	39.130	46	28	0	357	402	467	512	6.02e-05	36.6
6_46	7_7	28.814	59	42	0	341	399	485	543	3.36e-04	34.3
6_46	7_14	30.263	76	50	2	329	403	181	254	8.45e-04	33.1
6_46	7_47	32.927	82	44	2	309	390	112	182	8.94e-04	32.7
6_47	7_25	59.615	52	21	0	249	300	97	148	4.64e-18	72.4
6_47	7_31	42.500	80	42	1	221	300	30	105	1.58e-14	64.3
6_47	7_5	60.870	46	18	0	255	300	322	367	4.88e-14	63.5
6_47	7_27	46.296	54	29	0	247	300	26	79	5.07e-13	57.8
6_47	7_12	48.077	52	27	0	249	300	92	143	5.43e-13	58.9
6_47	7_34	39.062	64	39	0	237	300	131	194	1.59e-12	58.5
6_47	7_49	48.077	52	27	0	249	300	101	152	2.45e-12	58.5
6_47	7_3	50.000	54	27	0	247	300	106	159	2.77e-12	56.6
6_47	7_26	48.936	47	24	0	254	300	88	134	3.07e-12	56.6
6_47	7_4	50.000	54	27	0	247	300	233	286	3.50e-12	57.8
6_47	7_38	57.143	42	18	0	259	300	24	65	5.67e-11	54.3
6_47	7_18	48.148	54	28	0	247	300	100	153	1.21e-10	52.0
6_47	7_46	42.308	52	30	0	249	300	55	106	3.07e-10	50.8
6_47	7_32	36.765	68	43	0	233	300	60	127	7.69e-10	50.8
6_47	7_37	40.816	49	29	0	252	300	72	120	1.31e-08	46.2
6_47	7_21	38.889	54	33	0	247	300	303	356	5.46e-08	45.4
6_47	7_6	34.848	66	41	1	237	300	37	102	3.45e-07	43.1
6_47	7_28	38.333	60	35	2	235	293	182	240	6.74e-05	35.4
6_47	7_30	35.849	53	28	1	248	300	79	125	3.57e-04	32.7
6_47	7_47	32.000	50	34	0	247	296	133	182	4.02e-04	33.1
6_47	7_1	38.095	42	26	0	259	300	463	504	5.65e-04	32.7
6_47	7_0	30.000	80	47	4	229	300	407	485	7.55e-04	32.3
6_47	7_35	37.209	43	23	2	258	300	12	50	7.86e-04	31.6
6_48	7_0	81.564	179	33	0	195	373	319	497	1.06e-113	333
6_48	7_7	38.158	152	93	1	215	365	391	542	3.90e-35	128
6_48	7_49	39.344	61	36	1	306	365	96	156	2.57e-07	43.9
6_48	7_32	34.211	76	44	2	298	368	60	134	1.04e-06	41.6
6_48	7_18	34.247	73	46	2	306	377	98	169	1.05e-06	40.8
6_48	7_31	26.471	68	48	1	307	374	51	116	4.67e-06	39.3
6_48	7_22	23.392	171	89	8	236	375	15	174	5.14e-06	38.9
6_48	7_4	32.787	61	40	1	305	365	231	290	9.59e-06	38.5
6_48	7_3	30.986	71	42	1	304	367	95	165	1.52e-05	37.0
6_48	7_46	30.508	59	41	0	308	366	53	111	1.95e-05	37.0
6_48	7_21	31.034	58	40	0	308	365	303	360	3.09e-05	37.0
6_48	7_6	31.250	64	44	0	308	371	49	112	2.57e-04	34.3
6_48	7_27	28.571	56	40	0	306	361	24	79	7.55e-04	31.6
6_48	7_25	28.571	70	50	0	297	366	84	153	7.93e-04	31.6
6_49	7_34	65.957	94	30	1	185	278	142	233	3.13e-39	134
6_49	7_18	39.815	108	63	1	185	290	101	208	1.77e-20	81.3
6_49	7_26	45.679	81	43	1	191	271	88	167	9.28e-17	70.5
6_49	7_27	47.826	69	35	1	185	253	27	94	4.56e-16	67.0
6_49	7_37	45.070	71	38	1	188	258	71	140	1.79e-15	66.6
6_49	7_49	38.043	92	45	2	185	264	98	189	3.65e-14	65.1
6_49	7_12	52.632	57	27	0	186	242	92	148	4.59e-14	62.8
6_49	7_46	43.590	78	43	1	186	262	55	132	6.06e-14	62.0
6_49	7_5	36.735	98	58	1	192	289	322	415	1.86e-13	62.8
6_49	7_30	45.455	66	30	1	185	250	79	138	1.16e-12	58.5
6_49	7_31	37.143	70	44	0	173	242	41	110	1.71e-12	58.9
6_49	7_38	50.000	52	26	0	192	243	20	71	8.85e-12	57.4
6_49	7_4	44.643	56	31	0	189	244	238	293	1.33e-11	56.6
6_49	7_6	30.841	107	65	2	185	290	50	148	5.59e-11	55.5
6_49	7_21	41.935	62	35	1	182	242	300	361	3.58e-10	52.8
6_49	7_3	43.396	53	30	0	192	244	114	166	2.25e-09	48.5
6_49	7_19	28.866	97	63	2	159	254	53	144	2.63e-08	45.8
6_49	7_25	38.596	57	35	0	186	242	97	153	2.81e-08	45.1
6_49	7_39	44.186	43	24	0	186	228	126	168	8.90e-08	44.3
6_49	7_40	44.186	43	24	0	186	228	118	160	9.73e-08	43.9
6_49	7_32	36.207	58	37	0	185	242	75	132	1.18e-07	44.7
6_49	7_1	37.288	59	35	1	196	254	463	519	1.89e-06	41.2
6_49	7_7	32.258	62	42	0	181	242	482	543	2.64e-06	40.4
6_49	7_29	32.000	50	34	0	189	238	122	171	2.37e-05	36.6
6_49	7_35	31.250	64	42	1	204	265	17	80	4.02e-05	36.2
6_49	7_14	29.630	81	52	1	165	245	178	253	6.59e-05	36.2
6_49	7_42	32.759	58	39	0	189	246	82	139	8.48e-05	35.4
6_49	7_22	27.632	76	40	1	186	246	94	169	1.31e-04	34.7
6_49	7_2	44.898	49	26	1	183	230	129	177	2.81e-04	34.3
6_49	7_28	39.130	46	28	0	185	230	195	240	3.24e-04	33.9
6_49	7_47	36.735	49	31	0	185	233	134	182	3.35e-04	33.9
6_49	7_16	31.579	57	39	0	186	242	1018	1074	4.61e-04	33.5
6_49	7_15	31.579	57	39	0	186	242	1000	1056	4.89e-04	33.5
6_49	7_36	30.769	39	27	0	214	252	27	65	5.96e-04	32.3
6_49	7_13	30.952	84	39	3	166	245	10	78	0.001	32.3
6_50	7_13	39.683	63	38	0	63	125	13	75	1.03e-11	55.5
6_50	7_14	38.095	63	39	0	63	125	188	250	9.53e-11	52.8
6_50	7_24	43.137	51	29	0	77	127	2	52	6.49e-10	49.7
6_50	7_22	37.333	75	29	2	66	125	94	165	1.90e-08	45.4
6_50	7_15	29.365	126	71	4	66	185	1000	1113	4.05e-08	45.1
6_50	7_16	29.365	126	71	4	66	185	1018	1131	4.28e-08	45.1
6_50	7_32	35.821	67	38	2	66	131	76	138	6.34e-08	43.9
6_50	7_44	38.182	55	31	1	64	118	122	173	7.82e-08	42.7
6_50	7_36	32.308	65	41	1	69	133	2	63	9.28e-07	39.7
6_50	7_21	42.857	35	20	0	91	125	327	361	2.98e-06	39.3
6_50	7_46	27.642	123	74	5	92	211	78	188	3.85e-06	38.1
6_50	7_9	45.714	35	19	0	88	122	930	964	3.87e-06	38.9
6_50	7_8	45.714	35	19	0	88	122	937	971	4.20e-06	38.9
6_50	7_19	27.160	81	53	2	56	133	63	140	4.68e-06	37.7
6_50	7_25	31.667	60	38	1	66	125	97	153	5.63e-06	37.4
6_50	7_0	25.962	104	74	1	24	127	392	492	5.97e-06	38.1
6_50	7_1	37.143	35	22	0	92	126	476	510	1.30e-05	37.0
6_50	7_3	32.857	70	44	1	59	128	101	167	2.50e-05	35.4
6_50	7_6	21.000	100	73	1	26	125	14	107	4.94e-05	35.4
6_50	7_49	35.526	76	44	2	66	141	101	171	7.99e-05	34.7
6_50	7_4	30.137	73	48	2	56	128	225	294	1.27e-04	33.9
6_50	7_35	29.787	47	29	1	79	125	13	55	1.36e-04	33.5
6_50	7_7	25.688	109	56	3	39	125	438	543	2.10e-04	33.5
6_50	7_18	28.169	71	45	2	68	134	99	167	2.46e-04	32.7
6_50	7_26	35.897	39	25	0	101	139	115	153	4.05e-04	32.0
6_50	7_29	35.417	48	26	1	79	121	124	171	4.44e-04	31.6
6_50	7_37	36.364	33	21	0	92	124	92	124	5.16e-04	31.6
6_50	7_42	32.558	43	26	1	90	129	100	142	5.57e-04	32.0
6_50	7_27	25.000	64	45	1	69	132	31	91	6.42e-04	30.8
6_50	7_34	27.957	93	61	3	57	148	136	223	0.001	31.2
6_51	7_18	77.660	94	21	0	253	346	81	174	2.70e-48	157
6_51	7_27	35.404	161	74	5	247	406	14	145	3.55e-18	73.2
6_51	7_46	54.688	64	29	0	267	330	48	111	5.36e-17	71.2
6_51	7_34	34.579	107	66	1	235	341	108	210	2.52e-16	70.9
6_51	7_12	45.614	57	31	0	274	330	92	148	1.36e-13	61.6
6_51	7_5	45.333	75	34	2	279	353	321	388	6.94e-13	61.6
6_51	7_26	38.806	67	38	1	279	345	88	151	1.30e-12	58.5
6_51	7_37	35.632	87	48	1	270	356	65	143	2.19e-12	58.2
6_51	7_38	49.206	63	32	0	268	330	8	70	3.16e-12	59.3
6_51	7_6	43.939	66	37	0	271	336	48	113	1.96e-11	57.8
6_51	7_4	44.444	54	30	0	277	330	238	291	2.22e-11	56.2
6_51	7_21	41.667	72	40	1	261	330	290	361	3.51e-11	56.6
6_51	7_31	47.368	57	30	0	274	330	54	110	5.43e-11	54.7
6_51	7_3	40.845	71	36	1	266	330	94	164	2.00e-10	52.0
6_51	7_49	36.905	84	49	1	269	352	96	175	3.26e-10	53.5
6_51	7_32	41.538	65	38	0	268	332	70	134	5.00e-10	52.4
6_51	7_25	43.939	66	37	0	272	337	95	160	7.85e-10	49.7
6_51	7_30	41.791	67	33	1	272	338	78	138	1.00e-09	50.1
6_51	7_19	30.392	102	64	3	249	350	53	147	7.12e-07	41.6
6_51	7_0	32.500	80	53	1	257	336	418	496	3.60e-06	40.4
6_51	7_1	55.172	29	13	0	303	331	482	510	1.12e-05	38.9
6_51	7_11	34.921	63	31	2	252	313	41	94	1.22e-05	38.9
6_51	7_40	39.130	46	28	0	271	316	115	160	1.24e-05	38.1
6_51	7_39	39.130	46	28	0	271	316	123	168	1.40e-05	37.7
6_51	7_28	38.298	47	29	0	271	317	193	239	1.04e-04	35.8
6_51	7_36	33.929	56	37	0	277	332	2	57	1.26e-04	34.7
6_51	7_13	32.099	81	40	3	255	331	7	76	1.94e-04	34.7
6_51	7_7	33.898	59	39	0	272	330	485	543	2.11e-04	35.0
6_51	7_14	33.333	63	34	2	273	331	193	251	3.76e-04	33.9
6_51	7_47	31.646	79	45	2	242	317	106	178	4.44e-04	33.9
6_51	7_42	33.333	81	48	3	254	330	57	135	5.04e-04	33.1
6_52	7_1	47.511	221	34	9	133	351	458	598	8.29e-49	166
6_52	7_32	52.941	85	39	1	114	197	61	145	7.36e-26	100
6_52	7_6	58.462	65	27	0	126	190	48	112	3.02e-24	96.7
6_52	7_21	45.946	111	51	2	125	235	301	402	9.62e-23	91.7
6_52	7_35	36.735	147	81	4	147	288	17	156	3.49e-20	80.5
6_52	7_47	53.731	67	31	0	110	176	116	182	1.67e-19	81.6
6_52	7_28	47.674	86	42	1	91	173	155	240	2.20e-19	81.3
6_52	7_12	33.607	122	61	4	84	185	27	148	4.61e-16	68.6
6_52	7_34	30.702	114	68	2	106	215	116	222	3.49e-15	67.0
6_52	7_46	46.667	60	32	0	126	185	52	111	1.17e-14	64.3
6_52	7_43	44.000	75	40	1	101	173	363	437	2.72e-14	65.9
6_52	7_2	59.574	47	19	0	127	173	131	177	5.00e-14	65.1
6_52	7_49	48.333	60	31	0	126	185	98	157	4.57e-13	62.0
6_52	7_31	34.959	123	61	3	127	231	52	173	1.03e-12	59.7
6_52	7_19	46.667	60	32	0	127	186	74	133	1.10e-12	58.5
6_52	7_26	27.083	144	86	3	82	207	19	161	9.70e-12	55.8
6_52	7_18	43.077	65	37	0	126	190	99	163	1.50e-11	55.5
6_52	7_3	42.029	69	35	1	123	186	97	165	2.71e-11	54.3
6_52	7_36	45.455	55	30	0	132	186	2	56	4.70e-11	53.5
6_52	7_42	43.421	76	37	1	119	194	75	144	7.61e-11	53.9
6_52	7_27	40.678	59	35	0	127	185	26	84	1.31e-10	51.2
6_52	7_5	33.945	109	68	2	80	185	265	372	1.76e-10	53.5
6_52	7_4	38.596	57	35	0	129	185	235	291	1.81e-10	53.1
6_52	7_37	35.484	62	39	1	132	192	72	133	5.50e-10	50.8
6_52	7_29	37.931	58	36	0	123	180	113	170	1.32e-08	46.2
6_52	7_25	36.620	71	44	1	119	188	87	157	1.47e-08	45.8
6_52	7_0	27.000	100	69	1	89	184	390	489	1.88e-08	47.4
6_52	7_38	42.857	56	26	2	135	187	20	72	2.93e-08	46.6
6_52	7_30	37.500	72	39	1	119	190	70	135	1.25e-07	43.5
6_52	7_7	33.898	59	39	0	127	185	485	543	9.51e-07	42.0
6_52	7_22	29.167	72	36	1	129	185	94	165	4.73e-06	39.3
6_52	7_40	44.000	50	27	1	122	171	112	160	1.93e-05	37.0
6_52	7_39	44.000	50	27	1	122	171	120	168	2.04e-05	37.0
6_52	7_45	27.273	88	62	1	98	185	503	588	3.14e-05	37.4
6_53	7_32	77.419	62	14	0	46	107	71	132	2.39e-30	104
6_53	7_6	57.692	78	29	1	46	119	46	123	1.32e-27	97.8
6_53	7_21	68.750	64	20	0	46	109	300	363	2.66e-26	94.0
6_53	7_28	75.439	57	14	0	39	95	184	240	2.89e-24	88.2
6_53	7_1	72.000	50	14	0	61	110	463	512	5.40e-22	82.0
6_53	7_2	68.085	47	15	0	49	95	131	177	8.87e-20	75.5
6_53	7_47	69.231	52	16	0	47	98	131	182	9.29e-20	75.5
6_53	7_35	65.217	46	16	0	69	114	17	62	2.99e-19	72.0
6_53	7_12	54.237	59	27	0	49	107	90	148	1.43e-18	70.5
6_53	7_46	46.875	64	34	0	44	107	48	111	3.62e-16	63.5
6_53	7_43	60.870	46	18	0	50	95	392	437	2.24e-15	62.8
6_53	7_49	47.143	70	34	1	41	107	88	157	7.48e-15	61.6
6_53	7_18	48.333	60	31	0	48	107	99	158	3.91e-14	58.5
6_53	7_5	47.059	51	27	0	57	107	322	372	1.78e-13	57.4
6_53	7_27	44.068	59	33	0	49	107	26	84	4.40e-13	54.7
6_53	7_38	44.068	59	33	0	49	107	12	70	1.47e-12	54.7
6_53	7_37	42.424	66	35	1	47	109	62	127	2.14e-12	53.5
6_53	7_19	42.424	66	38	0	49	114	74	139	2.88e-12	53.1
6_53	7_34	41.791	67	38	1	42	107	133	199	9.22e-12	52.4
6_53	7_42	42.623	61	35	0	50	110	78	138	1.28e-11	52.0
6_53	7_3	41.667	60	35	0	50	109	107	166	1.83e-11	50.8
6_53	7_4	39.655	58	35	0	50	107	234	291	2.39e-11	51.2
6_53	7_31	46.429	56	30	0	49	104	52	107	3.39e-11	50.8
6_53	7_36	40.984	61	36	0	54	114	2	62	1.29e-10	48.5
6_53	7_26	28.261	138	61	4	7	107	3	139	1.43e-10	48.5
6_53	7_25	40.678	59	35	0	49	107	95	153	7.19e-09	43.5
6_53	7_30	38.667	75	39	2	41	114	69	137	6.21e-08	41.2
6_53	7_0	33.333	60	40	0	49	108	432	491	1.93e-07	40.0
6_53	7_22	30.000	100	55	1	23	107	66	165	4.24e-07	38.9
6_53	7_16	38.462	65	35	1	51	115	1018	1077	7.04e-07	38.5
6_53	7_15	38.462	65	35	1	51	115	1000	1059	7.31e-07	38.5
6_53	7_29	33.333	54	36	0	49	102	117	170	1.49e-06	37.4
6_53	7_45	33.871	62	41	0	49	110	530	591	5.10e-06	36.2
6_53	7_11	44.444	36	20	0	74	109	789	824	6.68e-06	35.8
6_53	7_7	33.846	65	41	1	43	107	481	543	2.26e-05	34.3
6_53	7_39	36.957	46	29	0	48	93	123	168	2.31e-05	33.9
6_53	7_40	36.957	46	29	0	48	93	115	160	2.46e-05	33.9
6_53	7_14	29.412	85	49	2	31	111	177	254	4.21e-05	33.5
6_53	7_13	26.389	72	53	0	50	121	18	89	1.81e-04	31.6
6_54	7_14	44.828	58	32	0	400	457	191	248	5.55e-13	62.4
6_54	7_13	43.860	57	32	0	401	457	17	73	1.40e-12	60.8
6_54	7_8	58.824	34	14	0	425	458	940	973	2.99e-09	50.8
6_54	7_9	58.824	34	14	0	425	458	933	966	3.31e-09	50.8
6_54	7_24	40.909	44	26	0	414	457	5	48	1.75e-08	47.0
6_54	7_10	54.167	24	11	0	434	457	1	24	1.29e-04	35.4
6_54	7_32	34.884	43	28	0	414	456	87	129	3.37e-04	34.3
6_55	7_49	83.582	67	11	0	164	230	96	162	6.80e-35	124
6_55	7_12	57.627	59	25	0	167	225	90	148	3.17e-20	79.0
6_55	7_46	55.000	60	27	0	166	225	52	111	1.53e-18	73.9
6_55	7_27	46.970	66	35	0	167	232	26	91	1.06e-17	70.5
6_55	7_26	55.769	52	23	0	174	225	88	139	3.91e-16	67.4
6_55	7_34	44.776	67	37	0	159	225	133	199	1.97e-15	66.6
6_55	7_18	35.000	100	65	0	166	265	99	198	3.40e-15	65.1
6_55	7_31	47.368	57	30	0	169	225	54	110	4.27e-14	62.8
6_55	7_4	47.368	57	30	0	169	225	235	291	5.05e-14	62.8
6_55	7_3	43.333	60	34	0	168	227	107	166	1.18e-13	60.1
6_55	7_25	39.024	82	44	2	167	248	95	170	1.39e-13	59.7
6_55	7_32	35.238	105	60	2	166	265	73	174	1.40e-13	62.0
6_55	7_6	42.105	95	45	4	159	250	41	128	6.49e-13	60.1
6_55	7_21	41.667	60	35	0	166	225	302	361	8.26e-13	59.7
6_55	7_37	43.478	69	35	2	160	224	56	124	1.13e-12	57.8
6_55	7_5	51.923	52	25	0	174	225	321	372	1.76e-12	58.5
6_55	7_38	47.059	68	34	1	166	233	13	78	8.16e-12	56.6
6_55	7_1	41.935	62	36	0	178	239	462	523	1.77e-11	55.8
6_55	7_19	38.356	73	45	0	167	239	74	146	2.88e-10	50.8
6_55	7_30	43.056	72	32	2	167	235	78	143	2.12e-09	48.1
6_55	7_28	45.833	48	26	0	166	213	193	240	3.38e-08	45.4
6_55	7_47	45.098	51	28	0	166	216	132	182	1.04e-07	43.9
6_55	7_36	34.375	64	42	0	171	234	1	64	1.21e-07	42.7
6_55	7_0	43.860	57	31	1	164	220	430	485	1.40e-07	43.5
6_55	7_35	37.500	56	31	2	187	240	17	70	3.71e-07	41.6
6_55	7_42	37.879	66	41	0	169	234	79	144	3.92e-07	42.0
6_55	7_7	36.667	60	37	1	166	225	485	543	3.92e-07	42.4
6_55	7_14	29.752	121	64	5	166	268	193	310	4.41e-07	42.4
6_55	7_17	56.667	30	13	0	169	198	43	72	1.02e-06	40.8
6_55	7_2	46.809	47	25	0	167	213	131	177	1.37e-06	40.8
6_55	7_22	35.802	81	37	3	168	233	93	173	1.20e-05	37.4
6_55	7_13	28.723	94	56	2	166	250	18	109	7.82e-05	35.0
6_55	7_39	25.749	167	96	5	64	211	11	168	9.42e-05	34.3
6_55	7_43	40.000	45	27	0	169	213	393	437	7.06e-04	32.0
6_56	7_13	69.565	46	10	2	69	110	4	49	1.62e-15	62.8
6_56	7_14	60.784	51	14	2	66	110	174	224	7.53e-15	60.8
6_56	7_24	57.895	19	8	0	91	109	5	23	5.00e-04	29.6
6_57	7_34	55.970	134	51	3	221	348	98	229	3.48e-43	146
6_57	7_27	48.485	66	34	0	257	322	24	89	1.51e-17	71.6
6_57	7_26	40.972	144	69	6	214	345	28	167	2.65e-17	72.4
6_57	7_18	39.000	100	57	3	257	352	97	196	1.67e-16	70.1
6_57	7_37	45.333	75	40	1	250	324	59	132	3.14e-15	66.6
6_57	7_12	38.679	106	58	3	226	326	52	155	5.85e-15	65.9
6_57	7_38	49.254	67	34	0	259	325	12	78	2.27e-13	63.2
6_57	7_49	42.647	68	37	1	257	322	95	162	7.96e-12	58.5
6_57	7_4	46.667	60	32	0	258	317	232	291	9.00e-12	57.4
6_57	7_31	35.000	80	50	1	259	338	52	129	1.09e-11	57.0
6_57	7_5	50.943	53	26	0	267	319	322	374	1.84e-11	57.0
6_57	7_46	38.667	75	44	1	245	317	37	111	3.69e-11	54.3
6_57	7_30	46.269	67	30	1	251	317	70	130	7.19e-10	50.8
6_57	7_3	45.763	59	32	0	260	318	107	165	3.42e-09	48.5
6_57	7_21	32.877	73	49	0	259	331	303	375	3.84e-09	50.1
6_57	7_25	35.821	67	43	0	251	317	87	153	6.29e-09	47.4
6_57	7_39	36.923	65	38	1	239	303	107	168	3.10e-08	45.8
6_57	7_40	37.500	72	41	2	233	303	92	160	3.37e-08	45.8
6_57	7_6	28.319	113	72	4	218	324	3	112	5.59e-07	43.5
6_57	7_19	31.429	70	48	0	256	325	71	140	1.21e-06	41.2
6_57	7_32	33.898	59	39	0	259	317	74	132	1.39e-06	41.6
6_57	7_0	31.250	80	53	1	241	318	412	491	1.32e-05	38.5
6_57	7_7	30.508	59	41	0	259	317	485	543	1.70e-05	38.5
6_57	7_1	42.593	54	28	2	275	328	467	517	1.98e-05	38.1
6_57	7_22	31.868	91	46	3	261	336	94	183	4.68e-05	36.6
6_57	7_16	31.148	61	42	0	257	317	1014	1074	8.61e-04	33.1
6_57	7_15	31.148	61	42	0	257	317	996	1056	0.001	33.1
6_57	7_47	31.081	74	42	1	235	308	118	182	0.001	32.7
6_58	7_6	25.837	209	133	5	14	219	49	238	6.41e-15	66.6
6_58	7_31	40.984	61	36	0	13	73	51	111	1.78e-12	58.2
6_58	7_49	44.068	59	33	0	14	72	99	157	1.37e-11	56.2
6_58	7_12	39.683	63	38	0	12	74	88	150	6.82e-11	52.8
6_58	7_21	36.905	84	52	1	14	96	303	386	1.25e-10	53.5
6_58	7_32	38.333	60	37	0	14	73	74	133	6.26e-10	51.2
6_58	7_35	43.182	44	25	0	34	77	17	60	7.60e-10	49.7
6_58	7_46	33.721	86	55	2	14	97	53	138	9.18e-10	49.3
6_58	7_18	41.538	65	37	1	14	77	100	164	1.72e-09	48.5
6_58	7_16	33.333	66	44	0	9	74	1011	1076	3.53e-09	49.3
6_58	7_15	33.333	66	44	0	9	74	993	1058	3.85e-09	48.9
6_58	7_4	40.351	57	34	0	16	72	235	291	4.91e-09	48.1
6_58	7_7	38.983	59	36	0	14	72	485	543	8.09e-09	47.8
6_58	7_1	42.857	49	28	0	26	74	463	511	8.53e-09	47.8
6_58	7_42	40.351	57	34	0	16	72	79	135	1.49e-08	46.6
6_58	7_27	33.766	77	44	1	14	90	26	95	2.52e-08	44.3
6_58	7_37	29.730	111	71	3	1	105	51	160	2.99e-08	45.1
6_58	7_34	35.000	60	39	0	14	73	141	200	3.06e-08	45.4
6_58	7_19	33.871	62	41	0	12	73	72	133	5.95e-08	43.9
6_58	7_38	34.921	63	41	0	14	76	12	74	1.03e-07	44.3
6_58	7_5	42.308	52	30	0	21	72	321	372	1.44e-07	43.9
6_58	7_3	30.435	69	48	0	10	78	102	170	2.49e-07	42.0
6_58	7_25	35.593	59	38	0	14	72	95	153	3.36e-07	41.2
6_58	7_36	34.545	55	36	0	19	73	2	56	5.64e-07	41.2
6_58	7_47	32.258	93	59	3	10	100	129	219	1.24e-06	40.8
6_58	7_28	45.238	42	23	0	14	55	194	235	1.74e-06	40.4
6_58	7_26	31.507	73	44	1	21	93	88	154	2.17e-06	39.3
6_58	7_29	35.185	54	35	0	14	67	117	170	2.68e-06	38.9
6_58	7_0	33.898	59	39	0	14	72	432	490	6.11e-06	38.9
6_58	7_43	48.571	35	18	0	15	49	392	426	2.95e-05	36.6
6_58	7_14	40.476	42	25	0	35	76	213	254	5.22e-05	35.8
6_58	7_45	28.333	60	43	0	14	73	530	589	9.21e-05	35.4
6_58	7_13	40.476	42	25	0	35	76	38	79	1.16e-04	34.7
6_58	7_22	25.316	79	44	1	9	72	87	165	1.35e-04	34.3
6_58	7_24	30.508	59	31	1	13	71	1	49	5.53e-04	32.3
6_59	7_4	62.595	131	27	1	215	345	203	311	9.66e-54	172
6_59	7_3	50.000	130	37	2	231	360	92	193	7.41e-40	132
6_59	7_12	52.632	57	27	0	269	325	92	148	7.37e-16	67.8
6_59	7_46	44.262	61	34	0	269	329	55	115	9.11e-15	64.3
6_59	7_31	49.123	57	29	0	269	325	54	110	3.90e-14	63.9
6_59	7_5	43.820	89	48	1	238	326	287	373	4.78e-14	64.3
6_59	7_34	43.860	57	32	0	269	325	143	199	1.03e-13	62.8
6_59	7_49	48.333	60	31	0	269	328	101	160	3.55e-13	62.0
6_59	7_27	41.270	63	37	0	266	328	25	87	5.79e-13	58.2
6_59	7_32	41.176	68	40	0	268	335	75	142	2.10e-12	59.3
6_59	7_38	53.846	52	24	0	275	326	20	71	3.70e-12	58.5
6_59	7_18	49.123	57	29	0	269	325	102	158	4.09e-12	57.0
6_59	7_6	36.170	94	46	2	268	360	50	130	6.21e-12	58.5
6_59	7_26	44.231	52	29	0	274	325	88	139	5.43e-11	53.5
6_59	7_37	41.509	53	31	0	272	324	72	124	5.69e-11	53.5
6_59	7_25	39.062	64	36	1	263	326	94	154	3.44e-10	50.4
6_59	7_21	39.655	58	35	0	268	325	304	361	6.56e-10	52.0
6_59	7_35	40.000	50	30	0	282	331	12	61	1.05e-08	47.0
6_59	7_1	40.816	49	29	0	277	325	461	509	1.47e-08	47.8
6_59	7_42	42.857	63	33	1	269	328	79	141	3.16e-08	45.8
6_59	7_0	37.500	64	39	1	264	326	428	491	2.63e-07	43.5
6_59	7_19	36.066	61	39	0	265	325	72	132	4.26e-07	42.0
6_59	7_16	35.088	57	37	0	269	325	1018	1074	1.34e-06	41.6
6_59	7_15	35.088	57	37	0	269	325	1000	1056	1.47e-06	41.6
6_59	7_28	28.571	105	61	2	219	313	140	240	5.95e-06	39.3
6_59	7_39	38.298	47	29	0	265	311	122	168	6.15e-06	38.5
6_59	7_40	38.298	47	29	0	265	311	114	160	6.23e-06	38.5
6_59	7_30	37.931	58	30	1	269	326	80	131	7.65e-06	38.1
6_59	7_43	36.000	75	44	1	245	319	369	439	1.97e-05	37.7
6_59	7_11	30.612	49	34	0	283	331	780	828	3.49e-05	37.0
6_59	7_47	32.468	77	44	2	268	344	134	202	4.78e-05	36.2
6_59	7_45	20.690	87	69	0	239	325	502	588	5.65e-05	36.6
6_59	7_14	29.333	75	53	0	256	330	181	255	6.50e-05	36.2
6_59	7_36	40.000	55	31	2	272	325	2	55	6.87e-05	35.0
6_59	7_22	27.957	93	52	2	250	327	75	167	8.73e-05	35.0
6_59	7_13	32.727	55	37	0	276	330	26	80	5.05e-04	33.1
6_59	7_7	24.138	58	44	0	269	326	487	544	7.92e-04	32.7
6_60	7_38	74.359	78	20	0	358	435	1	78	2.60e-38	137
6_60	7_5	51.899	79	35	2	377	455	322	397	1.63e-19	82.0
6_60	7_27	57.627	59	25	0	369	427	26	84	2.29e-18	73.9
6_60	7_18	40.517	116	62	3	364	475	95	207	1.36e-17	73.6
6_60	7_46	52.632	57	27	0	371	427	55	111	6.02e-17	71.2
6_60	7_12	47.561	82	37	2	377	452	98	179	1.79e-16	70.5
6_60	7_37	45.570	79	40	1	377	455	75	150	2.35e-16	70.1
6_60	7_34	44.928	69	38	0	369	437	141	209	4.51e-16	70.5
6_60	7_26	56.863	51	22	0	377	427	89	139	1.42e-15	67.4
6_60	7_3	49.020	51	26	0	377	427	114	164	3.81e-14	63.2
6_60	7_30	34.314	102	52	3	349	445	57	148	3.81e-13	60.5
6_60	7_49	43.210	81	42	2	370	446	98	178	4.08e-13	62.8
6_60	7_31	52.941	51	24	0	377	427	60	110	6.65e-13	60.8
6_60	7_4	48.077	52	27	0	377	428	241	292	1.17e-11	57.4
6_60	7_32	40.678	59	35	0	369	427	74	132	2.00e-11	57.0
6_60	7_6	33.721	86	52	2	364	449	47	127	5.31e-11	56.2
6_60	7_25	45.000	60	31	1	371	428	95	154	7.12e-11	52.8
6_60	7_21	41.538	65	37	1	367	430	300	364	2.32e-10	53.9
6_60	7_1	44.898	49	27	0	379	427	461	509	1.21e-09	51.6
6_60	7_11	40.426	47	26	1	394	440	789	833	5.21e-07	43.5
6_60	7_35	53.571	28	13	0	400	427	28	55	7.08e-07	42.0
6_60	7_7	30.435	69	48	0	360	428	476	544	1.89e-06	41.6
6_60	7_36	51.429	35	15	1	399	431	27	61	1.40e-05	37.7
6_60	7_42	39.623	53	26	1	400	446	108	160	2.09e-05	37.7
6_60	7_19	55.556	27	12	0	401	427	106	132	3.68e-05	36.6
6_60	7_40	35.417	48	26	1	371	413	113	160	2.11e-04	34.3
6_60	7_39	35.417	48	26	1	371	413	121	168	2.18e-04	34.3
6_60	7_14	27.976	168	98	7	275	431	96	251	3.82e-04	34.3
6_61	7_31	56.962	79	32	1	106	184	54	130	3.28e-27	102
6_61	7_49	46.154	78	36	1	98	169	87	164	1.22e-16	73.6
6_61	7_46	41.772	79	46	0	85	163	34	112	5.05e-16	68.6
6_61	7_12	50.847	59	29	0	105	163	91	149	8.82e-16	68.2
6_61	7_3	36.667	90	48	1	92	172	94	183	7.16e-14	62.0
6_61	7_37	45.833	72	32	2	105	169	65	136	5.28e-13	59.7
6_61	7_25	43.860	57	32	0	106	162	97	153	6.21e-13	58.9
6_61	7_26	36.170	94	58	1	85	176	60	153	8.21e-13	59.3
6_61	7_34	37.647	85	49	1	83	163	116	200	9.35e-13	60.1
6_61	7_6	46.269	67	35	1	103	168	48	114	1.29e-12	61.2
6_61	7_27	40.909	66	34	1	109	169	31	96	2.86e-12	56.2
6_61	7_5	50.000	52	26	0	111	162	321	372	4.72e-12	58.9
6_61	7_4	36.667	90	48	1	92	172	221	310	5.05e-12	58.2
6_61	7_38	38.158	76	40	1	109	184	17	85	2.24e-11	56.6
6_61	7_32	40.260	77	45	1	103	179	73	148	1.56e-10	53.9
6_61	7_21	40.625	64	38	0	107	170	306	369	2.32e-10	53.9
6_61	7_18	37.705	61	38	0	103	163	99	159	4.47e-09	48.1
6_61	7_1	46.939	49	26	0	116	164	463	511	5.42e-09	49.3
6_61	7_30	42.029	69	32	2	96	162	68	130	1.24e-08	47.0
6_61	7_36	36.667	60	38	0	109	168	2	61	4.07e-07	42.0
6_61	7_35	44.231	52	29	0	124	175	17	68	4.67e-07	42.4
6_61	7_7	33.333	57	38	0	106	162	487	543	1.07e-06	42.4
6_61	7_47	33.333	93	57	3	89	181	119	206	1.87e-06	41.2
6_61	7_16	32.308	65	44	0	100	164	1012	1076	2.91e-06	40.8
6_61	7_15	32.308	65	44	0	100	164	994	1058	3.11e-06	40.8
6_61	7_19	38.596	57	35	0	106	162	76	132	3.24e-06	39.7
6_61	7_0	27.500	80	54	1	86	161	410	489	2.45e-05	37.7
6_61	7_28	38.000	50	31	0	101	150	191	240	3.69e-05	37.0
6_61	7_42	36.842	57	36	0	106	162	79	135	4.39e-05	36.6
6_61	7_17	40.476	42	25	0	95	136	32	73	7.48e-05	36.2
6_61	7_11	35.135	37	17	1	141	177	801	830	1.06e-04	35.8
6_61	7_43	42.222	45	26	0	106	150	393	437	3.21e-04	34.3
6_62	7_29	58.889	180	48	4	107	270	1	170	5.42e-63	193
6_62	7_42	48.214	56	29	0	220	275	80	135	1.46e-13	62.4
6_62	7_6	35.714	84	54	0	210	293	42	125	9.07e-12	58.2
6_62	7_45	31.707	82	52	1	217	294	530	611	5.46e-11	55.8
6_62	7_19	42.857	56	32	0	220	275	77	132	8.31e-11	53.1
6_62	7_21	32.143	84	57	0	217	300	303	386	8.86e-11	54.7
6_62	7_36	36.486	74	39	1	221	294	1	66	1.73e-10	52.0
6_62	7_34	24.359	78	57	1	222	297	146	223	4.32e-06	39.3
6_62	7_32	31.667	60	41	0	217	276	74	133	4.75e-06	39.7
6_62	7_1	35.294	51	33	0	225	275	459	509	5.66e-06	39.7
6_62	7_31	29.167	72	45	2	212	280	47	115	1.06e-05	38.1
6_62	7_4	32.184	87	56	1	191	277	210	293	1.40e-05	38.1
6_62	7_7	29.412	68	40	1	208	275	484	543	2.23e-05	37.7
6_62	7_49	30.508	59	41	0	217	275	99	157	9.44e-05	35.8
6_62	7_12	28.333	60	43	0	217	276	90	149	4.57e-04	32.7
6_62	7_25	33.333	87	48	4	204	289	90	167	8.03e-04	32.0
6_62	7_16	28.070	57	41	0	220	276	1019	1075	0.001	32.7
6_62	7_15	28.070	57	41	0	220	276	1001	1057	0.001	32.7
6_63	7_7	70.899	189	34	2	175	363	383	550	7.54e-94	293
6_63	7_0	34.653	202	106	3	168	364	318	498	5.29e-32	120
6_63	7_42	33.871	62	41	0	300	361	79	140	5.26e-07	42.7
6_63	7_34	31.579	95	62	1	265	356	105	199	1.12e-06	41.6
6_63	7_12	31.897	116	60	2	300	396	92	207	3.94e-06	39.7
6_63	7_25	33.871	62	41	0	300	361	97	158	4.52e-06	38.9
6_63	7_49	36.842	76	45	2	298	372	98	171	6.82e-06	39.7
6_63	7_27	37.288	59	37	0	298	356	26	84	2.38e-05	36.6
6_63	7_31	32.911	79	42	4	283	356	38	110	2.71e-05	37.4
6_63	7_45	25.641	78	57	1	280	356	511	588	3.01e-05	38.1
6_63	7_46	33.333	57	38	0	300	356	55	111	4.92e-05	36.2
6_63	7_21	30.159	63	44	0	298	360	303	365	1.09e-04	35.8
6_63	7_5	36.170	47	30	0	312	358	328	374	1.18e-04	35.8
6_63	7_18	37.288	59	37	0	298	356	100	158	3.50e-04	33.5
6_63	7_16	28.169	71	51	0	292	362	1010	1080	4.40e-04	34.3
6_63	7_15	28.169	71	51	0	292	362	992	1062	4.47e-04	34.3
6_63	7_6	28.814	59	42	0	298	356	49	107	6.59e-04	33.5
6_63	7_32	28.814	59	42	0	298	356	74	132	7.13e-04	33.1
6_63	7_1	36.364	44	28	0	313	356	466	509	0.001	33.1
6_64	7_12	62.500	32	12	0	10	41	118	149	3.98e-10	48.1
6_64	7_26	48.936	47	18	2	1	41	94	140	1.14e-09	47.0
6_64	7_25	57.143	35	15	0	16	50	129	163	1.94e-09	45.8
6_64	7_5	72.000	25	7	0	16	40	348	372	2.04e-09	46.6
6_64	7_35	42.500	40	23	0	9	48	24	63	2.34e-08	43.1
6_64	7_38	64.000	25	9	0	16	40	46	70	2.36e-08	43.5
6_64	7_37	36.471	85	42	4	16	100	101	173	2.04e-07	40.4
6_64	7_11	40.909	44	24	1	26	69	808	849	2.28e-07	40.8
6_64	7_34	53.571	28	13	0	16	43	175	202	2.49e-07	40.4
6_64	7_21	42.424	33	19	0	9	41	330	362	3.03e-07	40.4
6_64	7_27	50.000	26	13	0	16	41	60	85	5.64e-07	38.5
6_64	7_46	53.846	26	12	0	16	41	87	112	1.66e-06	37.7
6_64	7_31	61.538	26	10	0	16	41	86	111	1.69e-06	38.1
6_64	7_32	36.364	33	21	0	9	41	101	133	2.65e-06	37.4
6_64	7_49	60.000	25	10	0	16	40	133	157	3.20e-06	37.4
6_64	7_6	38.095	42	26	0	9	50	76	117	3.38e-06	37.4
6_64	7_4	64.000	25	9	0	16	40	267	291	5.97e-06	36.6
6_64	7_3	54.839	31	14	0	16	46	140	170	9.07e-06	35.4
6_64	7_1	24.576	118	63	4	16	133	485	576	1.01e-05	35.8
6_64	7_18	53.571	28	13	0	14	41	132	159	1.59e-04	32.0
6_64	7_14	30.380	79	38	3	15	91	225	288	2.81e-04	31.6
6_64	7_13	27.848	79	51	3	15	88	50	127	3.15e-04	31.6
6_64	7_10	36.667	30	19	0	15	44	1	30	3.47e-04	31.2
6_64	7_19	40.000	25	15	0	16	40	108	132	5.70e-04	30.4
6_64	7_36	47.368	19	10	0	22	40	37	55	8.86e-04	29.6
6_65	7_40	41.026	195	91	10	10	197	6	183	3.97e-31	110
6_65	7_39	40.404	198	96	10	10	197	6	191	5.36e-30	108
6_65	7_34	50.746	67	33	0	119	185	133	199	8.92e-19	77.8
6_65	7_12	54.545	66	27	1	127	192	90	152	4.08e-17	72.0
6_65	7_27	52.542	59	28	0	127	185	26	84	8.66e-17	69.3
6_65	7_46	36.634	101	64	0	85	185	11	111	1.24e-16	70.1
6_65	7_4	43.902	82	42	2	117	194	220	301	9.60e-15	66.2
6_65	7_18	46.667	75	36	1	115	185	84	158	2.26e-14	63.5
6_65	7_37	49.057	53	27	0	132	184	72	124	8.67e-14	62.0
6_65	7_26	53.846	52	24	0	134	185	88	139	9.51e-14	62.0
6_65	7_49	38.710	93	55	1	126	216	98	190	1.31e-13	63.9
6_65	7_31	43.478	69	37	1	129	195	54	122	1.62e-13	62.4
6_65	7_5	47.059	68	33	1	135	202	322	386	2.48e-13	62.4
6_65	7_3	44.776	67	36	1	129	194	108	174	6.86e-13	58.9
6_65	7_32	42.623	61	35	0	125	185	72	132	3.18e-12	59.3
6_65	7_30	46.774	62	27	1	127	188	78	133	1.89e-11	55.1
6_65	7_21	42.623	61	34	1	125	185	302	361	2.02e-11	57.0
6_65	7_25	44.444	63	31	2	124	186	96	154	5.82e-11	52.8
6_65	7_38	52.273	44	21	0	143	186	28	71	1.37e-09	50.8
6_65	7_6	37.500	64	40	0	126	189	48	111	2.74e-09	50.4
6_65	7_42	30.909	110	61	3	129	238	79	173	2.24e-07	43.5
6_65	7_1	42.000	50	23	2	139	185	463	509	3.96e-07	43.5
6_65	7_7	36.111	72	42	3	116	186	476	544	5.28e-07	43.1
6_65	7_28	38.182	55	34	0	119	173	186	240	1.41e-06	41.6
6_65	7_11	39.623	53	31	1	133	185	771	822	2.02e-06	41.2
6_65	7_45	30.337	89	56	2	106	191	509	594	2.20e-06	41.2
6_65	7_47	34.286	70	45	1	107	176	114	182	5.49e-06	39.7
6_65	7_0	32.258	62	42	0	127	188	432	493	1.14e-05	38.5
6_65	7_35	35.714	42	27	0	147	188	17	58	3.24e-05	36.6
6_65	7_44	38.806	67	32	2	121	178	107	173	5.25e-05	35.4
6_65	7_36	33.333	78	45	3	160	236	30	101	8.48e-05	35.0
6_65	7_19	28.814	59	42	0	127	185	74	132	2.50e-04	33.9
6_65	7_22	26.667	135	73	6	119	231	88	218	3.26e-04	33.5
6_65	7_14	33.871	62	36	2	157	218	222	278	3.45e-04	33.9
6_66	7_7	65.644	163	52	2	71	229	396	558	5.72e-73	232
6_66	7_0	41.401	157	89	2	66	219	339	495	4.23e-36	129
6_66	7_27	43.548	62	34	1	157	217	26	87	6.39e-08	43.5
6_66	7_31	34.146	82	46	2	148	225	48	125	1.02e-07	44.3
6_66	7_42	37.313	67	42	0	154	220	75	141	4.53e-07	42.4
6_66	7_12	34.286	70	46	0	155	224	89	158	1.08e-06	40.8
6_66	7_34	34.177	79	51	1	137	214	121	199	1.11e-06	41.2
6_66	7_49	47.727	44	23	0	172	215	115	158	1.13e-05	38.5
6_66	7_25	35.938	64	37	2	153	215	94	154	1.15e-05	37.0
6_66	7_21	36.364	66	41	1	153	217	300	365	1.68e-05	37.7
6_66	7_26	41.860	43	25	0	172	214	97	139	2.83e-05	36.2
6_66	7_46	36.667	60	38	0	158	217	55	114	2.98e-05	36.2
6_66	7_6	29.231	65	46	0	150	214	43	107	3.05e-04	33.9
6_66	7_32	24.691	81	54	1	134	214	59	132	3.13e-04	33.5
6_66	7_45	23.729	59	45	0	156	214	530	588	3.92e-04	33.5
6_66	7_5	37.500	48	30	0	172	219	330	377	4.21e-04	33.1
6_66	7_18	37.288	59	37	0	156	214	100	158	4.43e-04	32.7
6_66	7_1	31.818	88	47	2	170	257	465	539	5.07e-04	33.1
6_66	7_14	32.500	80	49	3	140	216	178	255	5.59e-04	33.1
6_66	7_37	37.209	43	27	0	169	211	80	122	0.001	31.6
6_67	7_15	54.608	293	99	8	455	735	690	960	7.08e-81	281
6_67	7_15	39.600	250	109	4	875	1095	874	1110	5.59e-50	185
6_67	7_15	43.243	148	54	5	816	948	396	528	6.33e-24	100
6_67	7_16	54.608	293	99	8	455	735	708	978	7.58e-81	281
6_67	7_16	39.600	250	109	4	875	1095	892	1128	5.45e-50	185
6_67	7_16	43.243	148	54	5	816	948	396	528	6.84e-24	100
6_67	7_44	43.182	44	25	0	987	1030	130	173	1.57e-07	44.7
6_67	7_21	34.177	79	50	1	965	1041	287	365	2.82e-06	42.7
6_67	7_29	33.333	54	36	0	982	1035	120	173	8.21e-06	39.7
6_67	7_45	30.159	63	42	1	978	1038	527	589	9.88e-06	41.2
6_67	7_31	36.207	58	37	0	981	1038	54	111	2.26e-05	39.3
6_67	7_34	30.508	59	41	0	980	1038	142	200	4.97e-05	38.1
6_67	7_46	30.645	62	43	0	981	1042	55	116	6.49e-05	37.0
6_67	7_42	28.070	57	41	0	981	1037	79	135	7.89e-05	37.4
6_67	7_18	27.586	58	42	0	980	1037	101	158	1.22e-04	36.6
6_67	7_12	33.696	92	57	3	981	1072	92	179	1.86e-04	35.8
6_67	7_32	29.167	72	50	1	968	1038	62	133	2.55e-04	36.2
6_67	7_37	25.000	104	65	3	984	1087	72	162	3.89e-04	35.0
6_68	7_28	51.389	72	32	1	102	173	172	240	2.28e-17	74.3
6_68	7_47	54.412	68	29	2	108	173	112	179	5.36e-17	73.2
6_68	7_2	58.824	51	21	0	123	173	127	177	2.60e-15	68.6
6_68	7_32	57.447	47	20	0	127	173	74	120	1.36e-13	62.8
6_68	7_21	53.191	47	22	0	127	173	303	349	1.09e-12	60.5
6_68	7_43	61.702	47	18	0	128	174	392	438	1.22e-12	60.1
6_68	7_6	56.000	50	22	0	124	173	46	95	1.44e-12	60.1
6_68	7_1	54.286	35	16	0	139	173	463	497	2.63e-08	46.6
6_68	7_12	44.898	49	27	0	125	173	88	136	3.80e-07	42.0
6_68	7_35	66.667	27	9	0	147	173	17	43	5.09e-07	41.6
6_68	7_40	26.271	118	84	2	56	171	44	160	1.03e-05	37.7
6_68	7_3	40.385	52	31	0	122	173	101	152	1.67e-05	37.0
6_68	7_34	31.818	66	44	1	109	173	122	187	2.97e-05	36.6
6_68	7_49	40.426	47	28	0	127	173	99	145	4.14e-05	36.6
6_68	7_4	40.385	52	31	0	122	173	228	279	4.28e-05	36.2
6_68	7_46	37.255	51	32	0	125	175	51	101	4.59e-05	35.4
6_68	7_18	37.681	69	38	2	127	190	100	168	6.85e-05	35.0
6_68	7_42	37.255	51	32	0	123	173	73	123	1.27e-04	34.7
6_68	7_39	26.984	126	81	4	56	171	44	168	1.35e-04	34.3
6_68	7_27	32.653	49	33	0	127	175	26	74	2.70e-04	32.7
6_68	7_31	38.462	65	35	2	129	189	54	117	2.89e-04	33.5
6_68	7_30	37.736	53	29	1	123	171	70	122	7.48e-04	32.0
6_68	7_22	30.645	62	42	1	129	189	94	155	8.90e-04	32.0
6_69	7_25	51.899	79	31	1	202	280	90	161	1.19e-20	79.3
6_69	7_31	50.000	64	32	0	207	270	52	115	3.08e-16	68.9
6_69	7_34	50.000	62	31	0	207	268	141	202	8.50e-16	67.8
6_69	7_12	51.724	58	28	0	209	266	92	149	1.49e-14	63.5
6_69	7_3	52.632	57	27	0	209	265	108	164	5.53e-13	58.5
6_69	7_18	43.243	74	40	1	207	280	100	171	7.68e-13	58.5
6_69	7_26	45.763	59	32	0	214	272	88	146	1.08e-12	57.8
6_69	7_49	35.955	89	50	1	199	287	91	172	1.51e-12	59.3
6_69	7_4	50.877	57	28	0	209	265	235	291	1.73e-12	58.5
6_69	7_5	52.941	51	24	0	215	265	322	372	5.13e-12	57.4
6_69	7_38	45.000	60	33	0	206	265	11	70	1.44e-11	55.8
6_69	7_46	38.571	70	43	0	204	273	50	119	1.44e-11	54.3
6_69	7_27	37.879	66	41	0	207	272	26	91	2.07e-11	53.1
6_69	7_6	35.000	80	49	1	207	286	49	125	3.90e-11	55.1
6_69	7_37	38.095	84	46	2	185	262	39	122	1.02e-10	52.4
6_69	7_30	41.667	72	36	1	207	278	78	143	1.25e-09	48.9
6_69	7_32	40.984	61	36	0	207	267	74	134	2.43e-09	49.3
6_69	7_21	36.111	72	45	1	203	273	298	369	5.05e-09	48.5
6_69	7_7	31.034	58	40	0	208	265	486	543	4.11e-06	39.3
6_69	7_0	27.397	73	51	2	200	271	425	496	5.38e-05	35.8
6_69	7_42	36.842	57	36	0	209	265	79	135	6.93e-05	35.0
6_69	7_45	21.429	84	66	0	204	287	527	610	7.36e-05	35.4
6_69	7_19	27.692	65	47	0	204	268	71	135	1.03e-04	34.3
6_69	7_14	34.483	58	35	1	212	266	194	251	3.09e-04	33.5
6_69	7_13	34.483	58	35	1	212	266	19	76	4.15e-04	32.7
6_69	7_28	35.000	60	32	1	201	253	181	240	4.80e-04	32.7
6_69	7_11	75.000	16	4	0	251	266	808	823	5.99e-04	32.7
6_69	7_22	30.556	72	35	2	209	265	94	165	0.001	31.6
6_70	7_20	34.940	249	111	3	7	254	10	208	2.15e-45	149
6_71	7_34	55.172	58	26	0	83	140	143	200	3.84e-18	77.0
6_71	7_12	46.970	66	35	0	80	145	89	154	6.74e-15	66.2
6_71	7_27	31.915	94	64	0	81	174	26	119	1.84e-13	60.5
6_71	7_31	41.667	60	35	0	81	140	52	111	3.29e-13	62.4
6_71	7_46	41.026	78	46	0	79	156	51	128	3.48e-13	60.8
6_71	7_37	44.828	58	32	0	81	138	67	124	4.92e-13	60.8
6_71	7_26	47.170	53	28	0	88	140	88	140	7.26e-13	60.1
6_71	7_3	40.000	65	39	0	77	141	102	166	1.07e-11	56.2
6_71	7_4	37.931	87	39	2	65	141	212	293	1.07e-11	58.2
6_71	7_18	35.443	79	51	0	69	147	88	166	1.59e-11	56.2
6_71	7_38	38.571	70	43	0	78	147	9	78	4.88e-10	53.5
6_71	7_49	35.065	77	48	1	78	154	96	170	5.21e-10	53.5
6_71	7_5	45.455	55	30	0	89	143	322	376	1.39e-09	52.0
6_71	7_21	40.000	60	36	0	81	140	303	362	1.78e-09	52.0
6_71	7_32	34.118	85	51	2	75	155	64	147	2.76e-08	47.8
6_71	7_25	32.203	59	40	0	81	139	95	153	4.32e-08	45.4
6_71	7_30	38.710	62	37	1	81	142	78	138	7.08e-08	45.4
6_71	7_16	36.207	58	37	0	83	140	1018	1075	4.42e-07	44.3
6_71	7_15	36.207	58	37	0	83	140	1000	1057	4.72e-07	44.3
6_71	7_19	27.273	88	64	0	81	168	74	161	6.69e-07	42.4
6_71	7_6	28.378	74	53	0	81	154	49	122	9.11e-07	43.5
6_71	7_42	35.211	71	45	1	75	144	71	141	6.21e-06	40.0
6_71	7_35	26.230	61	45	0	94	154	10	70	1.56e-05	38.1
6_71	7_1	39.535	43	26	0	97	139	467	509	3.04e-05	38.1
6_71	7_40	35.556	45	29	0	81	125	116	160	3.44e-05	37.4
6_71	7_39	35.556	45	29	0	81	125	124	168	3.59e-05	37.4
6_71	7_29	31.481	54	37	0	81	134	117	170	8.88e-05	35.8
6_71	7_44	26.667	105	62	2	43	132	69	173	1.39e-04	35.0
6_71	7_7	28.333	60	43	0	80	139	484	543	2.22e-04	35.4
6_71	7_17	40.816	49	27	2	66	112	24	72	2.42e-04	35.0
6_71	7_20	35.385	65	24	2	98	144	78	142	3.12e-04	34.3
