7_0	5_60	89.011	182	15	1	320	496	336	517	5.98e-120	355
7_0	5_1	42.857	147	81	2	344	490	225	368	7.12e-36	131
7_0	5_0	38.926	149	88	1	341	486	10	158	5.17e-33	115
7_0	5_66	34.307	137	87	1	341	474	25	161	6.04e-23	87.4
7_0	5_65	42.373	59	33	1	433	490	270	328	1.93e-09	51.6
7_0	5_65	30.000	50	35	0	434	483	30	79	3.59e-05	37.7
7_0	5_22	32.787	61	41	0	432	492	180	240	2.67e-08	47.4
7_0	5_44	40.625	64	37	1	429	491	233	296	2.73e-08	47.4
7_0	5_3	31.646	79	53	1	412	489	35	113	5.27e-08	45.8
7_0	5_41	26.596	94	64	1	402	490	162	255	1.03e-07	45.4
7_0	5_36	39.655	58	34	1	429	485	57	114	1.09e-07	43.1
7_0	5_42	31.746	63	43	0	432	494	85	147	1.31e-07	45.1
7_0	5_48	33.333	60	40	0	432	491	205	264	1.37e-07	44.7
7_0	5_52	25.962	104	74	1	392	492	192	295	1.50e-07	45.1
7_0	5_2	32.258	62	42	0	432	493	162	223	2.10e-07	44.3
7_0	5_26	34.483	58	37	1	435	491	318	375	4.22e-07	43.5
7_0	5_62	30.303	99	57	2	394	485	619	712	5.36e-07	43.9
7_0	5_61	33.871	62	41	0	432	493	156	217	6.78e-07	42.0
7_0	5_67	28.205	78	54	1	414	489	175	252	7.79e-07	42.4
7_0	5_18	31.343	67	46	0	430	496	238	304	2.80e-06	41.2
7_0	5_33	34.375	64	41	1	427	490	191	253	3.86e-06	40.8
7_0	5_40	31.579	57	39	0	433	489	252	308	4.06e-06	40.4
7_0	5_30	31.148	61	42	0	431	491	197	257	5.55e-06	39.7
7_0	5_54	26.042	96	54	3	402	496	155	234	6.46e-06	39.3
7_0	5_39	32.308	65	44	0	426	490	87	151	8.69e-06	38.9
7_0	5_34	27.941	68	49	0	430	497	217	284	2.10e-05	38.1
7_0	5_9	30.769	65	45	0	427	491	30	94	2.16e-05	37.7
7_0	5_17	32.836	67	45	0	423	489	193	259	2.56e-05	37.7
7_0	5_68	29.412	68	47	1	430	497	222	288	2.61e-05	37.7
7_0	5_8	28.767	73	49	1	421	490	129	201	2.75e-05	37.0
7_0	5_29	30.357	56	39	0	434	489	129	184	1.29e-04	35.8
7_0	5_50	27.143	70	49	2	426	494	144	212	1.30e-04	35.4
7_0	5_45	34.483	58	35	1	431	485	50	107	1.34e-04	35.8
7_0	5_49	26.562	64	47	0	431	494	324	387	1.43e-04	35.8
7_0	5_21	28.814	59	42	0	432	490	230	288	1.79e-04	35.0
7_0	5_32	28.814	59	42	0	434	492	180	238	2.23e-04	35.0
7_0	5_56	27.273	66	47	1	432	497	175	239	3.77e-04	33.9
7_0	5_11	30.159	63	43	1	427	489	259	320	3.80e-04	34.3
7_0	5_19	30.357	56	39	0	434	489	185	240	8.12e-04	33.1
7_0	5_47	24.590	61	46	0	434	494	178	238	8.22e-04	33.1
7_1	5_42	54.545	66	30	0	461	526	95	160	1.36e-22	90.9
7_1	5_36	52.857	70	25	2	463	527	73	139	1.80e-21	83.2
7_1	5_22	65.306	49	17	0	462	510	191	239	1.39e-19	83.2
7_1	5_3	54.902	51	23	0	463	513	68	118	2.16e-15	68.9
7_1	5_53	50.000	42	13	2	491	527	1	39	1.38e-09	49.7
7_1	5_15	46.939	49	26	0	461	509	244	292	1.93e-09	51.2
7_1	5_39	42.623	61	34	1	450	509	91	151	2.51e-09	50.1
7_1	5_44	47.917	48	25	0	462	509	248	295	3.78e-09	50.4
7_1	5_32	47.917	48	25	0	462	509	189	236	3.90e-09	50.4
7_1	5_31	54.054	37	17	0	474	510	288	324	4.09e-09	50.4
7_1	5_40	42.857	56	30	1	463	516	263	318	7.68e-09	49.3
7_1	5_2	42.000	50	23	2	463	509	174	220	1.54e-08	48.5
7_1	5_30	30.000	160	96	5	390	543	131	280	2.36e-08	47.4
7_1	5_49	45.833	48	26	0	462	509	336	383	8.78e-08	46.2
7_1	5_26	45.098	51	27	1	463	512	327	377	8.98e-08	46.2
7_1	5_25	48.649	37	13	1	466	502	60	90	9.98e-08	45.8
7_1	5_41	38.235	68	37	2	453	517	201	266	1.38e-07	45.4
7_1	5_43	41.176	51	30	0	463	513	187	237	1.87e-07	45.1
7_1	5_13	42.623	61	26	3	463	520	153	207	2.02e-07	44.3
7_1	5_47	41.304	46	22	2	484	524	209	254	2.48e-07	45.1
7_1	5_35	65.517	29	10	0	483	511	1	29	3.07e-07	43.9
7_1	5_19	37.662	77	44	1	462	534	194	270	3.22e-07	43.9
7_1	5_48	44.681	47	26	0	463	509	217	263	3.63e-07	43.9
7_1	5_33	42.222	45	26	0	467	511	211	255	6.92e-07	43.5
7_1	5_59	48.148	27	14	0	483	509	3	29	7.24e-07	42.4
7_1	5_21	41.667	48	28	0	467	514	246	293	1.12e-06	42.4
7_1	5_61	36.111	72	38	3	447	515	154	220	1.37e-06	41.6
7_1	5_8	48.936	47	24	0	463	509	155	201	2.85e-06	40.4
7_1	5_34	35.938	64	40	1	447	509	214	277	3.14e-06	40.8
7_1	5_29	43.636	55	19	2	461	509	137	185	3.54e-06	41.2
7_1	5_17	46.809	47	25	0	463	509	214	260	4.17e-06	40.4
7_1	5_18	55.172	29	13	0	482	510	271	299	4.45e-06	40.8
7_1	5_4	42.857	49	27	1	481	528	221	269	8.56e-06	39.7
7_1	5_38	35.294	51	33	0	459	509	246	296	1.47e-05	39.3
7_1	5_67	53.125	32	14	1	482	512	226	257	1.63e-05	38.5
7_1	5_56	33.929	56	30	2	484	534	207	260	3.02e-05	37.7
7_1	5_7	28.302	53	31	1	491	543	7	52	4.61e-05	36.6
7_1	5_45	35.000	80	41	4	446	524	50	119	6.37e-05	37.4
7_1	5_57	52.000	25	12	0	479	503	391	415	7.08e-05	37.0
7_1	5_68	46.154	26	14	0	484	509	256	281	7.99e-05	36.6
7_1	5_50	36.000	50	32	0	463	512	162	211	1.17e-04	35.8
7_1	5_24	44.681	47	26	0	463	509	310	356	1.17e-04	36.2
7_1	5_52	40.000	35	21	0	476	510	260	294	1.69e-04	35.8
7_1	5_11	39.623	53	29	1	467	516	279	331	3.28e-04	34.7
7_1	5_65	39.583	48	29	0	463	510	281	328	3.39e-04	35.0
7_1	5_9	43.750	48	25	1	467	512	51	98	7.43e-04	33.1
7_2	5_36	56.863	51	22	0	127	177	57	107	6.17e-16	67.4
7_2	5_22	46.667	75	32	1	131	205	180	246	6.47e-15	69.3
7_2	5_42	40.000	85	39	3	96	177	56	131	1.35e-14	67.4
7_2	5_3	32.773	119	54	3	66	177	3	102	4.88e-12	59.3
7_2	5_25	51.220	41	20	0	137	177	45	85	2.46e-07	45.1
7_2	5_39	42.857	56	31	1	123	177	84	139	4.38e-07	43.5
7_2	5_44	48.936	47	24	0	131	177	237	283	3.70e-06	41.2
7_2	5_48	38.806	67	32	1	111	177	194	251	9.67e-06	39.7
7_2	5_61	44.681	47	26	0	131	177	156	202	2.13e-05	38.1
7_2	5_47	34.615	78	41	2	74	151	129	196	3.11e-05	38.5
7_2	5_8	40.000	45	27	0	133	177	145	189	6.53e-05	36.6
7_2	5_9	42.553	47	27	0	131	177	35	81	7.11e-05	37.0
7_2	5_40	36.207	58	37	0	120	177	240	297	8.50e-05	37.0
7_2	5_2	36.000	50	32	0	128	177	159	208	5.65e-04	34.3
7_2	5_30	36.538	52	33	0	126	177	193	244	5.69e-04	34.3
7_3	5_40	63.303	109	31	1	93	192	229	337	1.05e-44	144
7_3	5_47	56.452	62	27	0	108	169	178	239	1.53e-16	68.9
7_3	5_34	44.737	76	39	1	92	164	202	277	1.93e-15	65.1
7_3	5_61	47.541	61	32	0	105	165	155	215	2.96e-15	63.9
7_3	5_48	49.180	61	31	0	104	164	203	263	3.37e-15	64.7
7_3	5_2	38.750	80	42	2	108	180	164	243	4.34e-14	61.6
7_3	5_29	42.188	64	37	0	106	169	127	190	5.36e-14	61.6
7_3	5_30	42.857	70	40	0	100	169	192	261	6.19e-14	60.8
7_3	5_44	47.368	57	30	0	108	164	239	295	7.48e-14	60.8
7_3	5_19	55.000	60	27	0	105	164	182	241	2.88e-13	58.9
7_3	5_56	49.180	61	31	0	106	166	174	234	3.46e-13	58.9
7_3	5_50	44.776	67	37	0	104	170	148	214	5.91e-13	57.8
7_3	5_54	50.820	61	30	0	104	164	168	228	7.37e-13	57.4
7_3	5_17	45.714	70	38	0	95	164	191	260	1.47e-12	57.0
7_3	5_15	37.179	78	42	2	88	164	221	292	1.58e-12	57.0
7_3	5_8	50.000	54	27	0	111	164	148	201	1.58e-12	55.8
7_3	5_39	36.264	91	51	2	92	179	76	162	5.07e-12	55.1
7_3	5_41	43.860	57	32	0	108	164	199	255	9.77e-12	54.7
7_3	5_68	49.180	61	31	0	104	164	221	281	1.03e-11	54.7
7_3	5_33	41.270	63	37	0	108	170	197	259	1.13e-11	54.7
7_3	5_22	33.721	86	51	2	107	191	181	261	1.79e-11	53.9
7_3	5_21	35.526	76	43	1	95	164	213	288	4.25e-11	52.8
7_3	5_11	42.466	73	37	1	92	164	254	321	1.15e-10	51.6
7_3	5_18	46.296	54	29	0	111	164	245	298	1.81e-10	51.2
7_3	5_26	40.580	69	39	2	109	175	318	386	1.93e-10	50.8
7_3	5_3	38.028	71	44	0	102	172	52	122	2.26e-10	50.4
7_3	5_13	33.036	112	67	2	60	169	99	204	2.84e-10	50.1
7_3	5_36	38.983	59	36	0	111	169	66	124	4.48e-10	48.1
7_3	5_24	52.632	57	27	0	108	164	300	356	7.15e-10	49.3
7_3	5_42	38.596	57	35	0	108	164	87	143	1.20e-09	48.5
7_3	5_57	41.509	53	29	1	108	158	363	415	4.05e-09	47.4
7_3	5_32	36.207	58	37	0	108	165	180	237	9.81e-09	45.8
7_3	5_67	39.655	58	35	0	107	164	196	253	1.28e-08	45.4
7_3	5_43	40.385	52	31	0	114	165	183	234	1.82e-08	45.1
7_3	5_4	38.806	67	33	2	102	164	187	249	2.18e-08	45.1
7_3	5_65	33.803	71	47	0	104	174	267	337	5.19e-08	43.9
7_3	5_65	36.000	50	32	0	108	157	30	79	2.88e-05	35.8
7_3	5_9	39.062	64	39	0	102	165	31	94	8.80e-08	42.7
7_3	5_12	31.429	105	62	2	59	161	6	102	2.01e-07	40.0
7_3	5_45	33.962	53	35	0	111	163	59	111	3.73e-07	41.6
7_3	5_49	35.088	57	37	0	108	164	327	383	9.06e-07	40.0
7_3	5_59	46.875	32	17	0	138	169	3	34	1.06e-06	39.7
7_3	5_52	43.243	37	21	0	131	167	260	296	1.24e-06	39.7
7_3	5_7	57.692	26	11	0	140	165	1	26	7.35e-06	36.6
7_3	5_25	36.957	46	29	0	112	157	45	90	8.85e-06	37.0
7_3	5_31	37.288	59	37	0	107	165	266	324	1.27e-05	36.6
7_3	5_28	30.667	75	51	1	91	164	1036	1110	1.39e-05	37.0
7_3	5_16	47.368	38	20	0	104	141	162	199	2.63e-05	35.0
7_3	5_27	43.750	32	18	0	131	162	131	162	7.79e-05	34.3
7_3	5_53	57.895	19	8	0	146	164	1	19	9.33e-05	33.5
7_3	5_14	45.238	42	23	0	106	147	267	308	2.57e-04	32.7
7_3	5_62	25.000	72	53	1	102	173	655	725	4.85e-04	32.0
7_3	5_38	34.615	52	29	1	137	188	269	315	5.82e-04	31.6
7_3	5_35	43.333	30	17	0	140	169	3	32	6.63e-04	31.2
7_4	5_40	62.759	145	38	3	183	313	189	331	2.80e-53	171
7_4	5_34	57.407	54	23	0	238	291	224	277	5.18e-17	72.0
7_4	5_47	45.122	82	45	0	235	316	178	259	7.84e-16	69.7
7_4	5_61	50.877	57	28	0	235	291	158	214	8.55e-16	67.4
7_4	5_44	50.000	58	29	0	235	292	239	296	1.69e-15	68.2
7_4	5_48	53.448	58	27	0	235	292	207	264	2.69e-15	67.4
7_4	5_19	56.140	57	25	0	235	291	185	241	4.70e-15	66.6
7_4	5_30	30.052	193	105	6	114	296	89	261	7.00e-15	65.9
7_4	5_56	52.542	59	28	0	233	291	174	232	9.82e-15	65.5
7_4	5_68	51.667	60	29	0	232	291	222	281	1.89e-14	64.7
7_4	5_33	41.791	67	39	0	231	297	193	259	3.44e-14	64.7
7_4	5_8	50.000	62	31	0	230	291	140	201	3.57e-14	62.4
7_4	5_11	50.820	61	30	0	231	291	261	321	4.83e-14	63.9
7_4	5_29	46.774	62	33	0	235	296	129	190	5.68e-14	64.3
7_4	5_2	39.726	73	44	0	220	292	149	221	6.13e-14	63.5
7_4	5_17	54.386	57	26	0	235	291	204	260	7.14e-14	63.2
7_4	5_39	38.372	86	47	2	222	307	84	163	1.13e-13	61.6
7_4	5_54	50.877	57	28	0	235	291	172	228	6.34e-13	59.7
7_4	5_50	43.210	81	39	2	235	308	152	232	7.50e-13	59.3
7_4	5_21	45.614	57	31	0	235	291	232	288	1.06e-12	59.7
7_4	5_18	43.860	57	32	0	235	291	242	298	1.36e-12	59.7
7_4	5_41	41.667	60	35	0	232	291	196	255	2.33e-12	58.5
7_4	5_42	35.443	79	48	1	213	291	68	143	1.61e-11	55.8
7_4	5_26	42.105	57	32	1	236	291	318	374	2.93e-11	55.5
7_4	5_24	56.140	57	25	0	235	291	300	356	3.03e-11	55.5
7_4	5_36	35.526	76	49	0	216	291	44	119	3.09e-11	52.8
7_4	5_13	37.288	59	37	0	238	296	146	204	4.33e-11	54.3
7_4	5_4	42.373	59	34	0	235	293	193	251	5.01e-11	54.7
7_4	5_3	36.620	71	45	0	229	299	52	122	9.91e-11	53.1
7_4	5_9	41.270	63	37	0	229	291	31	93	1.07e-10	52.8
7_4	5_43	40.000	65	39	0	238	302	180	244	2.03e-10	52.8
7_4	5_15	34.021	97	55	3	201	292	201	293	2.20e-10	52.4
7_4	5_22	34.118	85	47	2	225	309	177	252	2.57e-10	52.4
7_4	5_67	36.508	63	40	0	231	293	193	255	3.26e-10	52.0
7_4	5_32	40.351	57	34	0	235	291	180	236	1.70e-09	50.1
7_4	5_57	41.509	53	29	1	235	285	363	415	3.51e-09	49.3
7_4	5_49	39.655	58	35	0	235	292	327	384	1.76e-08	47.0
7_4	5_31	36.667	60	38	0	232	291	264	323	2.45e-08	46.6
7_4	5_45	33.962	53	35	0	238	290	59	111	1.39e-07	44.3
7_4	5_65	35.938	64	41	0	238	301	274	337	5.87e-07	42.4
7_4	5_65	36.000	50	32	0	235	284	30	79	1.38e-05	38.1
7_4	5_12	37.037	54	34	0	235	288	49	102	1.56e-06	38.5
7_4	5_16	50.000	36	18	0	233	268	164	199	1.93e-06	39.7
7_4	5_59	41.667	36	21	0	265	300	3	38	3.56e-06	39.3
7_4	5_25	32.609	46	31	0	239	284	45	90	5.37e-06	38.9
7_4	5_35	46.875	32	17	0	265	296	1	32	8.47e-06	38.1
7_4	5_14	43.902	41	23	0	233	273	267	307	9.46e-06	38.1
7_4	5_60	32.258	62	41	1	231	291	450	511	1.03e-05	38.5
7_4	5_38	34.483	58	38	0	236	293	241	298	3.00e-05	37.0
7_4	5_7	56.000	25	11	0	267	291	1	25	3.19e-05	35.8
7_4	5_55	30.556	72	45	1	220	286	426	497	1.04e-04	35.0
7_4	5_53	57.895	19	8	0	273	291	1	19	2.07e-04	33.5
7_4	5_52	32.308	65	41	2	233	294	232	296	2.45e-04	33.9
7_5	5_48	79.528	127	17	3	294	415	189	311	1.17e-64	202
7_5	5_61	60.000	75	27	1	307	378	146	220	1.54e-24	93.2
7_5	5_17	50.000	90	44	1	289	377	176	265	2.06e-20	83.6
7_5	5_41	53.846	65	30	0	311	375	194	258	1.08e-19	81.6
7_5	5_33	40.164	122	59	4	253	374	148	255	2.71e-19	81.6
7_5	5_15	56.667	60	26	0	322	381	242	301	1.37e-18	78.2
7_5	5_39	40.650	123	54	4	253	375	51	154	1.40e-18	77.0
7_5	5_40	48.052	77	37	1	297	373	237	310	1.52e-18	78.2
7_5	5_56	46.429	84	37	2	314	395	174	251	1.82e-18	77.4
7_5	5_30	56.452	62	27	0	314	375	198	259	5.61e-18	75.9
7_5	5_29	62.712	59	22	0	314	372	127	185	1.12e-17	77.0
7_5	5_47	48.958	96	43	4	278	372	144	234	1.22e-17	76.6
7_5	5_2	43.564	101	51	4	292	390	143	239	1.48e-17	75.5
7_5	5_24	56.250	64	28	0	314	377	298	361	2.80e-17	75.1
7_5	5_68	57.895	57	24	0	316	372	225	281	3.36e-17	73.9
7_5	5_19	66.667	57	19	0	316	372	185	241	3.70e-17	73.9
7_5	5_44	54.839	62	28	0	314	375	237	298	8.17e-17	73.2
7_5	5_34	56.452	62	27	0	311	372	216	277	1.05e-16	72.4
7_5	5_11	38.393	112	63	3	268	374	213	323	2.85e-16	71.6
7_5	5_50	51.613	62	30	0	311	372	147	208	1.33e-15	68.2
7_5	5_8	43.590	78	44	0	301	378	130	207	1.56e-15	67.0
7_5	5_18	57.627	59	25	0	314	372	240	298	1.91e-15	69.7
7_5	5_3	44.615	65	36	0	308	372	50	114	5.10e-15	67.0
7_5	5_22	47.458	59	31	0	314	372	180	238	1.33e-14	66.6
7_5	5_21	50.820	61	30	0	314	374	230	290	1.55e-14	66.2
7_5	5_43	50.847	59	29	0	316	374	177	235	3.08e-14	65.5
7_5	5_54	50.000	62	31	0	311	372	167	228	4.17e-14	63.9
7_5	5_36	44.615	65	35	1	309	372	55	119	4.60e-14	61.2
7_5	5_42	35.000	100	48	2	287	374	51	145	8.19e-14	63.5
7_5	5_9	40.909	88	44	2	295	374	8	95	1.13e-13	62.4
7_5	5_13	41.667	72	39	1	306	374	130	201	3.23e-13	61.2
7_5	5_67	40.845	71	42	0	304	374	185	255	1.55e-12	59.7
7_5	5_7	47.170	53	26	1	348	398	1	53	3.00e-10	51.2
7_5	5_26	43.860	57	31	1	317	372	318	374	3.65e-09	49.7
7_5	5_45	37.179	78	36	2	302	374	45	114	8.02e-09	48.9
7_5	5_12	28.000	100	69	2	270	369	6	102	1.03e-08	45.1
7_5	5_32	32.394	71	48	0	302	372	166	236	3.01e-08	47.0
7_5	5_14	50.000	42	21	0	314	355	267	308	4.16e-08	46.2
7_5	5_57	39.623	53	30	1	316	366	363	415	9.47e-08	45.4
7_5	5_49	35.802	81	48	3	294	374	309	385	1.63e-07	44.7
7_5	5_16	55.000	40	16	1	310	349	162	199	3.37e-07	42.4
7_5	5_31	27.358	106	57	2	287	372	218	323	7.67e-07	42.4
7_5	5_1	32.927	82	51	2	293	373	291	369	1.69e-06	41.6
7_5	5_53	68.421	19	6	0	354	372	1	19	3.76e-06	38.9
7_5	5_35	40.476	42	22	1	348	386	3	44	1.68e-05	37.7
7_5	5_62	32.432	74	46	1	303	372	644	717	3.22e-05	37.7
7_5	5_4	30.588	85	56	1	289	373	169	250	4.17e-05	37.0
7_5	5_60	30.000	60	42	0	314	373	453	512	1.35e-04	35.4
7_5	5_0	30.864	81	52	1	293	369	79	159	1.35e-04	34.3
7_5	5_38	28.788	66	47	0	307	372	231	296	1.65e-04	35.0
7_5	5_25	34.783	46	30	0	320	365	45	90	1.95e-04	34.7
7_6	5_22	65.574	61	21	0	48	108	179	239	1.74e-23	96.3
7_6	5_42	56.757	74	31	1	48	121	84	156	1.75e-22	91.7
7_6	5_36	56.061	66	29	0	48	113	60	125	4.88e-21	82.8
7_6	5_3	49.231	65	33	0	48	112	55	119	3.73e-19	81.3
7_6	5_8	46.774	62	33	0	51	112	145	206	1.85e-13	62.8
7_6	5_17	46.875	64	34	0	49	112	202	265	6.51e-13	62.8
7_6	5_39	34.177	79	52	0	48	126	92	170	1.96e-12	60.5
7_6	5_13	35.354	99	55	2	48	141	140	234	4.32e-12	59.7
7_6	5_50	33.645	107	68	1	49	155	150	253	4.37e-12	59.7
7_6	5_38	36.170	94	51	1	41	125	221	314	4.52e-12	60.8
7_6	5_24	48.438	64	33	0	49	112	298	361	4.90e-12	60.8
7_6	5_48	44.068	59	33	0	49	107	205	263	4.91e-12	60.1
7_6	5_61	41.270	63	37	0	49	111	156	218	9.78e-12	57.8
7_6	5_44	42.045	88	41	4	48	133	236	315	1.02e-11	59.7
7_6	5_41	35.714	70	45	0	49	118	197	266	1.39e-11	58.9
7_6	5_40	34.021	97	59	2	45	136	247	343	2.74e-11	58.2
7_6	5_31	40.278	72	41	1	45	116	261	330	3.45e-11	58.2
7_6	5_30	36.111	72	46	0	49	120	198	269	5.46e-11	56.6
7_6	5_18	43.939	66	37	0	48	113	239	304	8.26e-11	57.0
7_6	5_2	34.568	81	45	1	30	110	151	223	9.60e-11	56.6
7_6	5_15	34.722	72	47	0	48	119	233	304	3.96e-10	54.3
7_6	5_34	35.366	82	49	1	54	131	224	305	9.30e-10	52.8
7_6	5_54	35.526	76	49	0	49	124	170	245	9.94e-10	52.4
7_6	5_43	33.333	72	48	0	49	120	175	246	1.04e-09	53.1
7_6	5_33	32.353	68	46	0	42	109	188	255	1.08e-09	53.5
7_6	5_49	45.763	59	32	0	49	107	325	383	1.63e-09	53.1
7_6	5_25	45.652	46	25	0	55	100	45	90	2.05e-09	52.0
7_6	5_47	35.526	76	43	2	46	118	173	245	2.60e-09	52.4
7_6	5_19	37.313	67	42	0	51	117	185	251	3.05e-09	51.6
7_6	5_68	34.568	81	50	2	40	120	216	293	3.96e-09	50.8
7_6	5_21	30.769	78	51	1	36	110	214	291	4.61e-09	51.2
7_6	5_11	40.984	61	36	0	49	109	263	323	5.22e-09	51.2
7_6	5_12	36.667	60	38	0	45	104	43	102	9.80e-09	46.2
7_6	5_29	44.262	61	28	2	51	108	129	186	1.08e-08	50.4
7_6	5_32	38.596	57	35	0	51	107	180	236	1.78e-08	49.3
7_6	5_35	32.836	67	45	0	81	147	1	67	1.86e-08	48.9
7_6	5_56	35.385	65	42	0	49	113	174	238	2.69e-08	48.5
7_6	5_26	38.333	60	36	1	52	110	318	377	8.25e-08	47.4
7_6	5_4	38.889	72	42	1	51	122	193	262	1.02e-07	47.0
7_6	5_53	65.217	23	8	0	91	113	3	25	1.41e-07	44.7
7_6	5_9	29.032	62	44	0	49	110	35	96	1.43e-07	45.8
7_6	5_62	29.358	109	63	3	2	108	622	718	4.07e-07	45.4
7_6	5_67	33.898	59	39	0	49	107	195	253	1.55e-06	42.7
7_6	5_59	55.172	29	13	0	79	107	1	29	1.05e-05	40.0
7_6	5_7	26.531	98	54	4	83	165	1	95	3.96e-05	37.7
7_6	5_37	25.773	97	67	2	50	141	167	263	5.56e-05	38.1
7_6	5_65	37.931	58	36	0	50	107	270	327	7.78e-05	38.1
7_6	5_20	27.000	100	60	2	33	123	2	97	8.39e-05	37.0
7_6	5_45	27.059	85	54	1	48	132	53	129	2.57e-04	36.2
7_6	5_1	32.203	59	40	0	49	107	310	368	4.78e-04	35.4
7_7	5_0	77.922	154	32	1	390	541	7	160	3.65e-79	243
7_7	5_1	61.326	181	64	3	390	570	219	393	3.22e-72	235
7_7	5_66	75.714	140	32	1	390	527	22	161	3.52e-66	208
7_7	5_60	38.922	167	91	3	391	553	360	519	1.93e-35	133
7_7	5_67	27.273	132	69	2	414	545	151	255	1.97e-08	48.1
7_7	5_49	24.051	158	103	4	485	639	325	468	2.52e-08	48.5
7_7	5_41	34.375	96	59	2	452	543	160	255	4.15e-08	47.4
7_7	5_48	37.705	61	38	0	484	544	204	264	4.61e-08	47.0
7_7	5_32	36.667	60	38	0	487	546	180	239	1.47e-07	45.8
7_7	5_26	42.105	57	32	1	488	543	318	374	1.49e-07	45.8
7_7	5_4	35.632	87	55	1	458	544	165	250	1.96e-07	45.4
7_7	5_62	35.135	74	45	1	481	551	655	728	2.64e-07	45.4
7_7	5_54	23.571	140	94	2	440	576	122	251	1.02e-06	42.4
7_7	5_61	34.426	61	40	0	483	543	154	214	1.07e-06	42.0
7_7	5_65	32.432	74	48	2	471	543	255	327	1.12e-06	43.5
7_7	5_65	30.508	59	41	0	487	545	30	88	1.19e-04	37.0
7_7	5_11	29.268	82	57	1	462	543	241	321	1.89e-06	42.4
7_7	5_3	33.333	69	36	3	485	546	56	121	3.17e-06	41.2
7_7	5_17	39.683	63	38	0	484	546	201	263	4.83e-06	40.8
7_7	5_43	34.483	58	38	0	486	543	176	233	8.12e-06	40.0
7_7	5_56	34.545	55	36	0	499	553	188	242	9.23e-06	39.7
7_7	5_2	33.871	62	40	1	484	544	160	221	1.45e-05	39.3
7_7	5_50	27.397	73	53	0	473	545	138	210	1.50e-05	38.9
7_7	5_29	40.000	60	30	2	487	543	129	185	1.62e-05	39.7
7_7	5_21	36.207	58	37	0	486	543	231	288	1.88e-05	38.9
7_7	5_44	36.207	58	37	0	487	544	239	296	1.92e-05	38.9
7_7	5_42	33.929	56	37	0	488	543	88	143	2.35e-05	38.5
7_7	5_20	33.898	59	39	0	498	556	40	98	3.10e-05	37.7
7_7	5_8	36.842	57	36	0	487	543	145	201	4.64e-05	37.0
7_7	5_47	31.944	72	43	2	475	543	166	234	4.71e-05	38.1
7_7	5_37	29.577	71	49	1	475	545	157	226	6.12e-05	37.4
7_7	5_36	28.205	78	55	1	479	556	55	131	6.76e-05	35.8
7_7	5_15	28.571	70	50	0	476	545	225	294	1.12e-04	36.6
7_7	5_33	33.898	59	39	0	485	543	195	253	1.24e-04	36.6
7_7	5_34	30.000	60	42	0	484	543	218	277	1.94e-04	35.4
7_7	5_9	30.233	86	54	1	464	543	8	93	3.06e-04	34.7
7_7	5_24	36.232	69	44	0	487	555	300	368	5.82e-04	34.3
7_7	5_68	27.586	58	42	0	486	543	224	281	5.97e-04	33.9
7_7	5_18	33.898	59	39	0	485	543	240	298	6.19e-04	34.3
7_7	5_64	29.213	89	42	3	485	552	543	631	7.19e-04	34.3
7_7	5_30	36.667	60	32	3	487	543	200	256	0.001	33.5
7_8	5_58	74.219	128	32	1	54	180	56	183	3.89e-64	217
7_8	5_58	83.784	74	11	1	937	1010	329	401	3.47e-42	152
7_8	5_58	55.462	119	35	6	290	408	230	330	4.26e-31	119
7_8	5_27	71.111	45	13	0	937	981	127	171	6.27e-20	84.0
7_8	5_27	53.191	47	17	2	366	407	81	127	7.19e-09	50.1
7_8	5_23	66.667	33	11	0	941	973	106	138	1.29e-09	52.8
7_8	5_23	37.209	43	25	1	368	410	65	105	1.57e-06	43.1
7_8	5_20	54.545	33	15	0	939	971	50	82	1.24e-07	45.4
7_8	5_37	39.683	63	20	2	937	995	187	235	2.28e-07	46.2
7_8	5_63	45.000	40	22	0	939	978	270	309	4.14e-07	45.4
7_8	5_52	30.000	70	47	1	902	971	223	290	1.12e-05	40.4
7_9	5_58	74.219	128	32	1	54	180	56	183	5.35e-64	216
7_9	5_58	83.784	74	11	1	930	1003	329	401	4.16e-42	152
7_9	5_58	45.133	113	49	3	290	401	230	330	5.21e-22	92.0
7_9	5_27	71.111	45	13	0	930	974	127	171	6.23e-20	84.0
7_9	5_27	53.191	47	17	2	359	400	81	127	7.40e-09	50.1
7_9	5_23	66.667	33	11	0	934	966	106	138	1.34e-09	52.4
7_9	5_23	37.209	43	25	1	361	403	65	105	1.72e-06	42.7
7_9	5_20	54.545	33	15	0	932	964	50	82	1.14e-07	45.8
7_9	5_37	39.683	63	20	2	930	988	187	235	2.13e-07	46.2
7_9	5_63	45.000	40	22	0	932	971	270	309	3.88e-07	45.4
7_9	5_52	30.000	70	47	1	895	964	223	290	1.31e-05	40.4
7_10	5_37	45.299	117	42	3	1	95	199	315	2.81e-20	84.3
7_10	5_6	92.857	28	2	0	8	35	1	28	7.85e-13	60.8
7_10	5_63	56.757	37	13	1	2	35	281	317	7.16e-07	42.7
7_11	5_33	73.529	34	9	0	802	835	233	266	1.33e-12	63.2
7_11	5_33	57.447	47	16	2	36	78	175	221	9.34e-08	47.4
7_11	5_17	39.130	69	29	2	755	823	206	261	9.05e-09	50.1
7_11	5_56	38.000	50	27	1	782	827	188	237	1.80e-07	45.8
7_11	5_39	33.962	53	31	1	775	827	108	156	3.71e-07	44.7
7_11	5_50	37.736	53	29	1	782	830	164	216	3.94e-07	44.7
7_11	5_68	35.593	59	33	2	782	835	237	295	5.12e-07	44.7
7_11	5_24	93.750	16	1	0	808	823	342	357	1.68e-06	43.5
7_11	5_48	68.182	22	7	0	801	822	242	263	2.17e-06	42.7
7_11	5_48	34.783	69	39	4	37	101	188	254	2.01e-04	36.2
7_11	5_19	37.931	58	24	1	775	832	206	251	3.91e-06	42.0
7_11	5_61	35.417	48	27	1	782	825	170	217	4.48e-06	41.2
7_11	5_35	39.474	38	23	0	800	837	5	42	5.73e-06	41.2
7_11	5_44	27.273	66	44	1	772	833	241	306	6.09e-06	41.2
7_11	5_18	36.620	71	36	2	13	78	200	266	7.33e-06	41.2
7_11	5_30	42.424	33	19	0	800	832	234	266	8.93e-06	40.4
7_11	5_41	30.000	50	35	0	801	850	234	283	9.55e-06	40.8
7_11	5_41	39.130	46	27	1	49	94	194	238	6.08e-04	35.0
7_11	5_36	44.444	36	20	0	789	824	86	121	2.12e-05	37.7
7_11	5_2	39.623	53	31	1	771	822	168	220	2.50e-05	39.3
7_11	5_53	64.706	17	6	0	808	824	5	21	3.75e-05	37.7
7_11	5_13	33.333	51	25	2	790	836	163	208	5.03e-05	38.1
7_11	5_7	32.500	80	49	3	802	879	5	81	5.74e-05	37.4
7_11	5_29	36.957	46	25	1	782	823	141	186	6.73e-05	38.5
7_11	5_11	33.333	48	27	1	802	844	301	348	1.64e-04	37.0
7_11	5_40	48.387	31	16	0	801	831	288	318	1.94e-04	36.6
7_12	5_17	59.067	193	68	7	37	223	145	332	1.71e-65	198
7_12	5_24	58.000	150	41	6	90	223	298	441	1.74e-42	141
7_12	5_39	49.505	101	50	1	49	149	53	152	5.61e-26	94.0
7_12	5_61	60.000	70	27	1	89	157	155	224	8.93e-24	87.4
7_12	5_33	57.971	69	29	0	81	149	186	254	6.49e-23	88.2
7_12	5_48	53.947	76	34	1	85	159	200	275	1.10e-22	86.3
7_12	5_47	50.562	89	41	2	63	148	146	234	1.43e-20	81.6
7_12	5_2	54.167	72	30	1	85	153	157	228	2.13e-20	80.5
7_12	5_30	55.932	59	26	0	90	148	198	256	2.22e-20	79.7
7_12	5_11	45.977	87	43	1	63	149	240	322	1.52e-19	78.2
7_12	5_3	36.641	131	68	4	62	179	20	148	2.95e-19	76.3
7_12	5_44	57.627	59	25	0	90	148	237	295	3.13e-19	77.0
7_12	5_29	55.932	59	26	0	91	149	128	186	9.11e-19	76.6
7_12	5_41	51.667	60	29	0	90	149	197	256	2.17e-18	74.3
7_12	5_34	52.459	61	29	0	89	149	218	278	5.99e-18	73.2
7_12	5_19	56.897	58	25	0	92	149	185	242	1.17e-17	72.4
7_12	5_68	50.847	59	29	0	92	150	225	283	1.19e-17	72.4
7_12	5_8	54.839	62	28	0	92	153	145	206	2.53e-17	69.7
7_12	5_56	50.847	59	29	0	92	150	176	234	2.64e-17	71.2
7_12	5_40	52.381	63	30	0	86	148	247	309	9.38e-17	70.1
7_12	5_50	49.153	59	30	0	92	150	152	210	2.49e-16	67.8
7_12	5_21	56.897	58	25	0	92	149	232	289	4.01e-16	68.2
7_12	5_22	50.000	60	30	0	90	149	180	239	4.62e-16	68.2
7_12	5_43	54.386	57	26	0	92	148	177	233	2.65e-15	65.9
7_12	5_15	54.902	51	23	0	98	148	242	292	3.36e-15	65.5
7_12	5_9	41.860	86	50	0	63	148	8	93	3.49e-15	64.7
7_12	5_54	51.724	58	28	0	92	149	172	229	1.09e-14	63.2
7_12	5_36	42.424	66	34	1	89	150	56	121	2.39e-14	60.5
7_12	5_42	43.103	58	33	0	92	149	87	144	2.94e-14	62.8
7_12	5_13	40.299	67	36	1	85	147	132	198	3.01e-14	62.0
7_12	5_18	45.763	59	32	0	90	148	240	298	3.70e-13	59.7
7_12	5_67	44.068	59	33	0	92	150	197	255	3.89e-13	59.3
7_12	5_26	48.485	66	28	2	93	152	318	383	1.02e-12	58.5
7_12	5_57	43.396	53	28	1	92	142	363	415	1.52e-10	52.0
7_12	5_7	65.714	35	11	1	124	157	1	35	3.20e-10	49.7
7_12	5_45	37.500	56	35	0	94	149	58	113	9.91e-09	46.6
7_12	5_35	61.538	26	10	0	124	149	3	28	3.34e-08	44.7
7_12	5_49	31.395	86	55	1	67	148	298	383	9.45e-08	43.5
7_12	5_62	29.787	94	59	2	77	170	646	732	1.01e-07	43.9
7_12	5_1	33.019	106	58	3	89	182	309	413	1.28e-07	43.1
7_12	5_31	26.866	67	49	0	82	148	257	323	3.61e-07	41.6
7_12	5_14	42.500	40	23	0	92	131	269	308	1.65e-06	39.7
7_12	5_53	60.000	20	8	0	130	149	1	20	1.90e-06	38.9
7_12	5_32	33.333	60	40	0	92	151	180	239	1.91e-06	39.7
7_12	5_65	34.783	69	44	1	80	148	260	327	3.67e-06	38.9
7_12	5_38	29.730	74	47	1	82	150	225	298	8.56e-06	37.7
7_12	5_16	34.043	47	31	0	79	125	153	199	1.28e-05	36.6
7_12	5_4	34.483	58	38	0	91	148	192	249	1.85e-05	36.6
7_12	5_60	32.759	58	39	0	90	147	453	510	2.18e-05	36.6
7_12	5_37	41.667	36	21	0	115	150	191	226	4.54e-05	35.4
7_12	5_0	32.759	58	39	0	88	145	102	159	7.95e-05	33.9
7_12	5_20	35.417	48	31	0	98	145	35	82	8.60e-05	34.3
7_12	5_25	34.783	46	30	0	96	141	45	90	1.03e-04	34.3
7_12	5_59	31.818	44	27	1	124	167	5	45	4.56e-04	32.0
7_12	5_28	28.302	106	73	1	81	183	1043	1148	8.12e-04	31.6
7_13	5_37	67.826	115	31	2	3	111	148	262	3.30e-45	155
7_13	5_5	80.357	56	9	1	6	59	156	211	7.27e-26	96.7
7_13	5_63	52.857	70	30	1	18	84	248	317	2.25e-18	79.0
7_13	5_6	100.000	28	0	0	57	84	1	28	1.86e-14	65.9
7_13	5_23	49.153	59	30	0	18	76	82	140	2.37e-14	65.1
7_13	5_58	43.750	64	32	1	14	73	301	364	1.27e-13	63.9
7_13	5_27	41.379	58	34	0	18	75	107	164	3.37e-13	61.6
7_13	5_52	39.683	63	38	0	13	75	231	293	9.30e-12	57.8
7_13	5_20	52.273	44	18	2	29	72	42	82	2.50e-07	43.1
7_13	5_50	26.772	127	88	2	1	127	135	256	3.69e-07	42.7
7_13	5_68	30.380	79	52	1	1	79	210	285	2.26e-06	40.8
7_13	5_56	29.762	84	51	2	1	79	156	236	5.01e-06	39.7
7_13	5_21	30.303	66	44	1	15	78	226	291	3.12e-05	37.4
7_13	5_17	33.898	59	39	0	19	77	204	262	3.46e-05	37.0
7_13	5_30	32.812	64	42	1	13	75	193	256	5.22e-05	36.6
7_13	5_43	31.325	83	41	3	8	78	158	236	7.13e-05	36.2
7_13	5_65	29.333	75	52	1	17	91	269	342	8.10e-05	36.2
7_13	5_9	40.816	49	25	1	31	75	45	93	1.18e-04	35.0
7_13	5_54	34.483	58	35	1	19	76	175	229	1.52e-04	34.7
7_13	5_34	33.846	65	40	1	16	80	221	282	2.20e-04	34.3
7_13	5_61	29.730	74	51	1	8	80	146	219	2.73e-04	33.9
7_13	5_13	25.333	75	45	2	42	116	166	229	3.90e-04	33.5
7_13	5_47	28.571	77	49	2	20	92	175	249	6.71e-04	33.1
7_13	5_29	28.333	60	43	0	19	78	129	188	7.31e-04	33.1
7_13	5_33	27.632	76	53	1	7	80	183	258	7.76e-04	33.1
7_14	5_37	53.684	285	115	8	44	320	18	293	2.09e-88	275
7_14	5_5	57.143	133	46	5	111	234	81	211	6.31e-41	140
7_14	5_63	52.857	70	30	1	193	259	248	317	7.07e-18	78.6
7_14	5_23	46.032	63	34	0	186	248	75	137	7.98e-14	64.3
7_14	5_6	100.000	28	0	0	232	259	1	28	9.50e-14	64.7
7_14	5_27	39.506	81	41	2	178	250	84	164	2.08e-13	63.2
7_14	5_58	42.188	64	35	1	187	248	301	364	1.31e-12	61.6
7_14	5_52	38.095	63	39	0	188	250	231	293	1.30e-10	55.1
7_14	5_20	52.273	44	18	2	204	247	42	82	1.93e-07	43.9
7_14	5_50	27.273	99	71	1	184	282	142	239	2.52e-06	40.8
7_14	5_17	33.333	63	42	0	190	252	200	262	5.40e-05	37.0
7_14	5_56	32.787	61	38	1	194	254	179	236	6.03e-05	37.0
7_14	5_68	32.787	61	38	1	194	254	228	285	6.69e-05	36.6
7_14	5_34	24.286	140	96	2	126	255	143	282	1.03e-04	36.2
7_14	5_21	30.159	63	42	1	193	253	229	291	1.30e-04	35.8
7_14	5_3	26.389	72	53	0	182	253	46	117	1.37e-04	35.4
7_14	5_9	38.462	52	28	1	206	253	45	96	1.38e-04	35.4
7_14	5_61	30.556	72	49	1	184	255	149	219	1.39e-04	35.4
7_14	5_65	30.000	60	42	0	191	250	268	327	2.24e-04	35.4
7_14	5_2	27.368	95	60	3	186	275	154	244	2.42e-04	35.0
7_14	5_30	30.769	65	44	1	186	250	193	256	3.48e-04	34.3
7_14	5_4	26.389	72	51	1	201	272	200	269	3.60e-04	34.7
7_14	5_47	25.641	78	54	1	181	254	161	238	4.79e-04	34.3
7_14	5_33	25.641	78	58	0	178	255	181	258	4.93e-04	34.3
7_14	5_54	34.483	58	35	1	194	251	175	229	5.98e-04	33.5
7_14	5_19	26.389	72	53	0	180	251	171	242	6.09e-04	33.5
7_14	5_15	48.485	33	14	1	222	251	264	296	6.89e-04	33.5
7_14	5_29	24.818	137	84	3	194	323	129	253	7.37e-04	33.9
7_14	5_22	30.508	59	41	0	193	251	181	239	0.001	33.1
7_14	5_42	26.230	61	45	0	194	254	87	147	0.001	33.1
7_15	5_28	50.340	441	179	10	690	1113	740	1157	7.59e-121	397
7_15	5_55	32.227	211	112	5	874	1054	291	500	2.08e-19	84.7
7_15	5_55	36.667	120	61	5	411	517	235	352	1.74e-11	59.3
7_15	5_4	35.593	59	38	0	998	1056	191	249	1.99e-08	49.3
7_15	5_62	23.529	136	86	2	937	1070	612	731	8.27e-07	44.7
7_15	5_20	28.283	99	68	1	1006	1104	35	130	1.26e-06	42.4
7_15	5_65	29.630	54	38	0	1003	1056	274	327	1.46e-06	43.9
7_15	5_49	33.333	66	42	1	995	1058	320	385	1.95e-06	43.1
7_15	5_32	35.088	57	37	0	1000	1056	180	236	2.24e-06	42.7
7_15	5_36	30.556	72	50	0	1001	1072	64	135	5.07e-06	39.7
7_15	5_52	33.333	69	39	2	991	1056	229	293	8.87e-06	40.8
7_15	5_22	37.931	58	36	0	1000	1057	182	239	1.76e-05	40.0
7_15	5_8	39.062	64	29	3	1000	1058	145	203	2.75e-05	38.5
7_15	5_40	33.333	57	38	0	1000	1056	253	309	6.47e-05	37.7
7_15	5_43	32.203	59	40	0	1000	1058	177	235	1.07e-04	37.4
7_15	5_3	29.231	65	46	0	994	1058	52	116	2.20e-04	36.2
7_15	5_9	30.159	63	44	0	994	1056	31	93	4.15e-04	35.0
7_15	5_21	30.508	59	41	0	1000	1058	232	290	5.81e-04	35.0
7_15	5_38	28.814	59	42	0	999	1057	239	297	8.14e-04	34.7
7_16	5_28	50.340	441	179	10	708	1131	740	1157	9.32e-121	397
7_16	5_55	32.227	211	112	5	892	1072	291	500	1.93e-19	84.7
7_16	5_55	36.667	120	61	5	411	517	235	352	1.77e-11	59.3
7_16	5_4	35.593	59	38	0	1016	1074	191	249	2.09e-08	49.3
7_16	5_62	23.529	136	86	2	955	1088	612	731	9.40e-07	44.7
7_16	5_20	28.283	99	68	1	1024	1122	35	130	1.22e-06	42.7
7_16	5_65	29.630	54	38	0	1021	1074	274	327	1.36e-06	43.9
7_16	5_49	33.333	66	42	1	1013	1076	320	385	1.95e-06	43.1
7_16	5_32	35.088	57	37	0	1018	1074	180	236	2.24e-06	42.7
7_16	5_36	30.556	72	50	0	1019	1090	64	135	4.91e-06	39.7
7_16	5_52	33.333	69	39	2	1009	1074	229	293	8.64e-06	40.8
7_16	5_22	37.931	58	36	0	1018	1075	182	239	1.57e-05	40.0
7_16	5_8	35.593	59	38	0	1018	1076	145	203	2.70e-05	38.5
7_16	5_40	33.333	57	38	0	1018	1074	253	309	6.04e-05	38.1
7_16	5_43	32.203	59	40	0	1018	1076	177	235	1.04e-04	37.4
7_16	5_3	29.231	65	46	0	1012	1076	52	116	2.16e-04	36.2
7_16	5_9	30.159	63	44	0	1012	1074	31	93	4.07e-04	35.0
7_16	5_21	30.508	59	41	0	1018	1076	232	290	5.91e-04	35.0
7_16	5_38	28.814	59	42	0	1017	1075	239	297	7.93e-04	34.7
7_17	5_3	35.000	60	34	2	16	73	34	90	2.58e-05	37.4
7_17	5_19	42.593	54	29	2	26	77	167	220	2.69e-05	37.4
7_17	5_44	53.333	30	14	0	43	72	239	268	3.79e-05	37.0
7_17	5_48	51.351	37	18	0	36	72	200	236	6.15e-05	36.2
7_17	5_40	45.946	37	18	1	38	72	246	282	0.001	32.7
7_18	5_18	81.522	92	17	0	82	173	222	313	1.43e-48	158
7_18	5_41	60.000	65	26	0	98	162	195	259	2.21e-20	79.7
7_18	5_11	46.154	91	40	3	98	187	262	344	5.37e-18	73.6
7_18	5_34	48.148	81	36	1	88	162	201	281	1.49e-17	71.6
7_18	5_13	43.299	97	54	1	96	192	137	232	1.70e-17	71.2
7_18	5_39	58.333	60	25	0	99	158	92	151	3.14e-17	70.1
7_18	5_61	46.914	81	37	1	79	159	141	215	1.48e-16	67.8
7_18	5_33	40.698	86	51	0	73	158	168	253	1.88e-16	69.3
7_18	5_29	56.667	60	26	0	102	161	129	188	2.23e-16	69.3
7_18	5_21	46.875	64	34	0	99	162	229	292	2.64e-16	68.6
7_18	5_15	50.000	66	33	0	99	164	233	298	2.71e-16	68.6
7_18	5_48	55.932	59	26	0	100	158	205	263	3.59e-16	67.8
7_18	5_43	41.414	99	51	3	97	192	172	266	6.41e-16	67.4
7_18	5_9	38.000	100	57	2	98	196	33	128	1.26e-15	65.5
7_18	5_30	59.322	59	24	0	100	158	198	256	3.92e-15	64.7
7_18	5_2	48.438	64	33	0	99	162	161	224	1.02e-14	63.9
7_18	5_3	40.964	83	48	1	99	181	55	136	1.36e-14	63.2
7_18	5_56	38.000	100	59	2	100	196	174	273	3.45e-14	62.0
7_18	5_17	50.847	59	29	0	100	158	202	260	8.05e-14	61.2
7_18	5_47	39.024	82	43	1	99	173	175	256	2.01e-13	60.5
7_18	5_44	38.272	81	50	0	96	176	233	313	2.18e-13	60.1
7_18	5_8	45.588	68	36	1	92	158	134	201	4.93e-13	57.8
7_18	5_54	39.744	78	45	1	100	175	170	247	1.12e-12	57.4
7_18	5_40	38.462	78	44	1	85	158	232	309	1.73e-12	57.4
7_18	5_50	45.588	68	35	1	100	165	150	217	2.71e-12	56.2
7_18	5_68	46.667	60	32	0	100	159	223	282	5.06e-12	55.8
7_18	5_19	50.909	55	27	0	105	159	188	242	1.11e-11	55.1
7_18	5_36	41.270	63	37	0	96	158	57	119	1.48e-11	52.4
7_18	5_24	47.458	59	31	0	100	158	298	356	3.67e-10	50.8
7_18	5_22	41.935	62	36	0	99	160	179	240	3.72e-10	50.4
7_18	5_67	33.663	101	48	1	100	200	195	276	6.35e-10	49.7
7_18	5_26	37.838	74	42	2	103	175	318	388	6.70e-10	49.7
7_18	5_45	35.366	82	49	1	99	180	53	130	4.85e-09	47.4
7_18	5_42	37.705	61	38	0	99	159	84	144	7.51e-09	46.6
7_18	5_65	34.426	61	40	0	101	161	270	330	1.03e-07	43.5
7_18	5_31	25.781	128	86	3	96	215	262	388	1.84e-07	42.4
7_18	5_14	47.500	40	21	0	102	141	269	308	4.65e-06	38.1
7_18	5_20	39.474	38	23	0	116	153	43	80	4.79e-06	37.7
7_18	5_49	35.593	59	38	0	100	158	325	383	6.36e-06	38.1
7_18	5_16	50.000	34	17	0	102	135	166	199	1.53e-05	36.2
7_18	5_12	26.263	99	65	2	61	155	8	102	1.92e-05	34.7
7_18	5_32	30.864	81	52	2	80	158	158	236	2.57e-05	36.2
7_18	5_60	29.412	68	48	0	98	165	451	518	4.15e-05	35.4
7_18	5_7	60.000	25	10	0	134	158	1	25	7.12e-05	33.9
7_18	5_25	36.957	46	29	0	106	151	45	90	1.16e-04	33.9
7_18	5_57	33.962	53	33	1	102	152	363	415	1.60e-04	33.9
7_18	5_4	31.667	60	41	0	99	158	190	249	1.95e-04	33.5
7_18	5_52	29.032	62	41	1	102	160	234	295	3.74e-04	32.3
7_18	5_35	52.000	25	12	0	134	158	3	27	4.47e-04	32.0
7_18	5_1	39.344	61	33	2	100	158	310	368	5.55e-04	32.0
7_19	5_31	51.913	183	67	6	38	216	234	399	1.81e-52	166
7_19	5_4	41.558	77	45	0	65	141	182	258	4.14e-14	62.4
7_19	5_62	38.824	85	45	1	55	132	633	717	1.30e-13	61.2
7_19	5_65	44.068	59	33	0	79	137	274	332	5.60e-13	59.3
7_19	5_65	35.088	57	37	0	76	132	30	86	6.74e-10	50.1
7_19	5_49	51.852	54	26	0	79	132	330	383	2.57e-12	57.0
7_19	5_44	30.508	118	79	1	23	140	189	303	3.74e-12	56.6
7_19	5_22	42.623	61	35	0	74	134	180	240	4.65e-12	56.2
7_19	5_42	27.586	174	113	4	43	205	53	224	9.98e-12	55.1
7_19	5_12	44.444	54	30	0	76	129	49	102	1.10e-11	52.0
7_19	5_38	38.750	80	44	2	74	148	238	317	2.13e-11	54.3
7_19	5_3	33.333	78	52	0	74	151	56	133	7.47e-11	52.4
7_19	5_36	32.979	94	51	3	64	148	49	139	1.52e-10	49.7
7_19	5_32	41.096	73	36	1	76	141	180	252	4.03e-10	50.4
7_19	5_30	32.955	88	54	3	65	148	187	273	3.08e-09	47.8
7_19	5_20	30.275	109	69	2	82	190	35	136	8.22e-09	45.8
7_19	5_26	34.667	75	40	2	77	150	318	384	7.84e-08	43.5
7_19	5_29	30.435	115	63	3	76	184	129	232	9.35e-08	43.5
7_19	5_39	33.898	59	39	0	74	132	93	151	1.47e-07	42.4
7_19	5_13	37.662	77	42	2	73	143	138	214	1.58e-07	42.4
7_19	5_11	33.784	74	48	1	73	146	262	334	2.00e-07	42.4
7_19	5_50	30.667	75	51	1	71	144	147	221	4.71e-07	40.8
7_19	5_18	31.507	73	48	1	70	140	234	306	7.64e-07	40.8
7_19	5_41	32.895	76	48	2	69	141	190	265	7.90e-07	40.4
7_19	5_33	27.419	62	45	0	71	132	192	253	1.26e-06	40.0
7_19	5_59	27.273	66	48	0	105	170	2	67	1.32e-06	39.7
7_19	5_17	29.333	75	50	1	61	132	186	260	1.71e-06	39.7
7_19	5_40	36.207	58	37	0	75	132	252	309	1.79e-06	39.7
7_19	5_56	32.759	58	39	0	75	132	175	232	2.02e-06	39.3
7_19	5_68	30.159	63	44	0	70	132	219	281	3.58e-06	38.5
7_19	5_9	32.308	65	44	0	72	136	33	97	4.04e-06	38.1
7_19	5_48	28.788	66	47	0	67	132	198	263	1.00e-05	37.4
7_19	5_2	29.545	88	57	2	74	161	162	244	1.12e-05	37.0
7_19	5_19	31.579	57	39	0	76	132	185	241	1.15e-05	37.0
7_19	5_61	29.870	77	54	0	57	133	139	215	1.30e-05	36.6
7_19	5_35	47.727	44	18	2	108	151	3	41	1.41e-05	36.6
7_19	5_25	27.184	103	65	2	80	180	45	139	1.91e-05	36.2
7_19	5_43	34.722	72	45	2	74	144	176	246	1.95e-05	36.2
7_19	5_67	30.000	60	42	0	73	132	194	253	2.79e-05	35.8
7_19	5_8	30.986	71	45	1	66	132	131	201	3.01e-05	35.4
7_19	5_54	29.231	65	46	0	71	135	167	231	3.51e-05	35.4
7_19	5_15	33.735	83	51	2	58	138	216	296	3.60e-05	35.4
7_19	5_34	27.619	105	68	3	61	164	205	302	1.08e-04	33.9
7_19	5_47	31.034	58	40	0	76	133	178	235	1.14e-04	34.3
7_19	5_21	34.783	69	40	2	74	141	229	293	1.40e-04	33.9
7_19	5_57	32.692	52	33	1	76	125	363	414	1.61e-04	33.9
7_19	5_53	39.216	51	21	2	114	157	1	48	1.83e-04	32.7
7_19	5_27	36.765	68	35	5	65	127	95	159	5.28e-04	32.0
7_19	5_24	30.508	59	41	0	74	132	298	356	5.38e-04	32.0
7_20	5_51	32.812	256	120	3	3	208	2	255	1.01e-49	160
7_20	5_46	37.179	156	94	2	9	162	5	158	4.24e-37	122
7_20	5_10	30.204	245	119	4	10	204	6	248	8.38e-37	127
7_20	5_4	37.143	35	22	0	93	127	210	244	1.14e-04	34.3
7_20	5_32	34.000	50	33	0	84	133	188	237	3.34e-04	33.1
7_20	5_20	37.209	43	27	0	94	136	47	89	4.83e-04	32.0
7_20	5_49	25.758	66	47	1	83	148	334	397	8.30e-04	32.0
7_21	5_36	77.922	77	15	1	293	367	49	125	6.12e-35	121
7_21	5_22	58.730	63	26	0	300	362	177	239	2.21e-21	88.6
7_21	5_3	56.923	65	28	0	299	363	52	116	1.35e-20	84.3
7_21	5_42	50.000	68	34	0	300	367	82	149	1.36e-20	84.7
7_21	5_33	44.262	61	34	0	303	363	195	255	5.18e-14	66.2
7_21	5_48	41.667	72	42	0	303	374	205	276	7.27e-14	64.7
7_21	5_39	42.623	61	35	0	302	362	92	152	1.21e-13	63.2
7_21	5_17	44.286	70	38	1	306	375	205	273	1.66e-13	63.5
7_21	5_2	41.667	60	35	0	302	361	161	220	1.09e-12	61.2
7_21	5_44	43.333	60	34	0	302	361	236	295	1.25e-12	61.2
7_21	5_34	49.091	55	28	0	308	362	224	278	2.54e-12	59.7
7_21	5_53	92.000	25	2	0	343	367	1	25	3.25e-12	57.4
7_21	5_30	38.095	63	39	0	299	361	194	256	4.68e-12	58.9
7_21	5_19	45.763	59	32	0	306	364	186	244	5.04e-12	58.9
7_21	5_13	38.667	75	44	1	296	368	132	206	6.14e-12	58.2
7_21	5_41	40.000	60	36	0	303	362	197	256	8.57e-12	58.5
7_21	5_56	41.667	60	35	0	303	362	174	233	9.67e-12	57.8
7_21	5_61	38.806	67	41	0	295	361	148	214	1.46e-11	56.2
7_21	5_50	38.356	73	41	2	290	362	141	209	3.02e-11	55.8
7_21	5_35	72.727	33	9	0	335	367	1	33	3.09e-11	56.2
7_21	5_8	49.123	57	29	0	306	362	146	202	6.28e-11	54.3
7_21	5_32	41.270	63	37	0	299	361	174	236	6.98e-11	55.8
7_21	5_18	39.726	73	42	1	289	361	228	298	8.10e-11	55.8
7_21	5_26	43.750	64	35	1	306	368	318	381	8.90e-11	55.5
7_21	5_15	44.118	68	35	2	300	365	232	298	1.42e-10	54.7
7_21	5_24	40.476	84	47	2	306	387	301	383	1.66e-10	54.7
7_21	5_31	38.667	75	40	1	303	377	265	333	1.73e-10	54.7
7_21	5_68	41.379	58	34	0	304	361	224	281	1.89e-10	53.9
7_21	5_47	42.424	66	38	0	296	361	169	234	2.15e-10	54.7
7_21	5_40	43.103	58	33	0	304	361	252	309	2.46e-10	53.9
7_21	5_49	40.506	79	45	2	283	361	307	383	3.22e-10	53.9
7_21	5_29	45.312	64	34	1	306	369	130	192	7.86e-10	53.1
7_21	5_43	34.722	72	45	1	298	369	172	241	1.09e-09	52.0
7_21	5_21	33.333	66	44	0	301	366	228	293	1.40e-09	51.6
7_21	5_11	33.824	68	45	0	303	370	263	330	2.62e-09	50.8
7_21	5_25	45.652	46	25	0	309	354	45	90	4.98e-09	49.7
7_21	5_54	31.707	82	56	0	303	384	170	251	5.80e-09	48.9
7_21	5_62	35.714	70	45	0	296	365	652	721	6.28e-09	50.4
7_21	5_67	34.667	75	48	1	296	370	189	262	8.30e-09	48.9
7_21	5_38	35.938	64	41	0	306	369	241	304	8.35e-09	49.3
7_21	5_12	43.396	53	30	0	306	358	50	102	2.98e-08	43.9
7_21	5_4	46.429	56	30	0	306	361	194	249	4.12e-08	47.0
7_21	5_57	42.000	50	27	1	308	355	366	415	5.25e-08	47.0
7_21	5_45	36.232	69	40	1	300	368	51	115	5.82e-08	47.0
7_21	5_9	34.375	64	42	0	303	366	35	98	2.58e-07	43.9
7_21	5_65	36.207	58	37	0	304	361	270	327	7.68e-07	43.5
7_21	5_1	36.364	66	41	1	300	365	307	371	1.06e-06	42.7
7_21	5_59	55.556	27	12	0	335	361	3	29	2.12e-06	41.2
7_21	5_60	29.310	58	41	0	303	360	453	510	1.06e-05	39.7
7_21	5_7	48.000	25	13	0	337	361	1	25	3.41e-05	37.0
7_21	5_52	42.857	35	20	0	327	361	259	293	7.63e-05	36.6
7_21	5_20	43.243	37	21	0	327	363	51	87	2.90e-04	34.3
7_21	5_0	33.333	66	38	2	296	358	97	159	5.00e-04	33.1
7_21	5_64	30.000	70	38	2	303	361	543	612	6.72e-04	33.9
7_22	5_3	35.294	85	37	2	81	165	48	114	3.39e-08	45.1
7_22	5_52	35.000	80	34	2	94	170	234	298	6.80e-08	44.7
7_22	5_22	34.722	72	32	1	94	165	182	238	1.17e-07	43.9
7_22	5_60	24.868	189	98	9	5	177	364	524	6.35e-07	41.6
7_22	5_9	28.571	112	63	3	73	183	17	112	9.23e-07	40.8
7_22	5_20	37.500	64	25	2	98	161	33	81	1.20e-06	40.0
7_22	5_44	25.362	138	71	4	41	174	195	304	2.56e-06	39.7
7_22	5_21	27.778	90	50	1	94	183	232	306	1.07e-05	37.7
7_22	5_68	34.783	92	43	3	87	176	216	292	1.26e-05	37.4
7_22	5_55	29.630	81	41	2	93	172	445	510	1.27e-05	37.7
7_22	5_49	27.083	96	52	2	78	170	311	391	1.42e-05	37.4
7_22	5_17	33.708	89	42	4	93	181	203	274	2.01e-05	37.0
7_22	5_32	24.242	165	101	4	94	251	180	327	2.18e-05	37.0
7_22	5_48	28.736	87	47	2	80	166	193	264	5.39e-05	35.4
7_22	5_39	26.316	95	47	2	93	179	94	173	5.64e-05	35.4
7_22	5_65	26.761	71	35	3	95	165	274	327	6.50e-05	35.8
7_22	5_36	29.474	95	50	2	95	189	64	141	6.84e-05	34.3
7_22	5_43	28.866	97	51	3	74	169	158	237	9.79e-05	34.7
7_22	5_28	26.250	80	44	1	93	172	1053	1117	1.34e-04	34.7
7_22	5_61	33.333	81	38	3	94	174	158	222	1.36e-04	33.9
7_22	5_30	30.380	79	40	3	87	165	193	256	2.05e-04	33.5
7_22	5_38	24.096	83	48	2	83	165	229	296	2.37e-04	33.5
7_22	5_33	33.333	72	33	1	94	165	197	253	2.65e-04	33.5
7_22	5_26	27.723	101	58	4	80	180	303	388	2.72e-04	33.5
7_22	5_24	28.571	98	53	3	93	190	299	379	2.94e-04	33.5
7_22	5_4	27.632	76	40	2	93	168	192	252	4.79e-04	32.7
7_22	5_42	25.000	72	39	1	94	165	87	143	5.76e-04	32.3
7_22	5_34	31.522	92	43	3	83	169	205	281	6.08e-04	32.3
7_22	5_2	27.632	76	40	2	94	169	164	224	6.37e-04	32.3
7_22	5_56	35.632	87	38	4	88	171	170	241	7.50e-04	32.0
7_23	5_64	46.027	365	131	7	1	353	58	368	4.43e-96	301
7_23	5_64	38.571	70	43	0	229	298	544	613	1.66e-12	61.6
7_23	5_65	33.333	72	34	3	233	304	274	331	7.76e-05	37.4
7_23	5_42	26.389	144	73	6	189	326	52	168	2.86e-04	34.7
7_23	5_60	30.667	75	41	2	229	303	454	517	5.24e-04	34.3
7_23	5_31	29.870	77	43	3	221	297	258	323	6.46e-04	33.9
7_24	5_63	62.025	79	30	0	1	79	256	334	2.44e-31	113
7_24	5_37	46.591	88	40	3	5	92	179	259	1.94e-14	64.3
7_24	5_58	47.727	44	23	0	5	48	321	364	4.96e-12	57.0
7_24	5_27	45.455	44	24	0	5	48	119	162	8.65e-12	55.8
7_24	5_23	50.000	44	22	0	5	48	94	137	1.55e-10	52.4
7_24	5_52	43.750	48	27	0	5	52	248	295	1.41e-09	49.7
7_24	5_20	53.488	43	17	2	5	47	43	82	1.64e-08	45.4
7_24	5_6	88.889	18	2	0	32	49	1	18	2.83e-06	39.3
7_24	5_5	53.333	30	14	0	5	34	182	211	1.07e-05	37.0
7_24	5_32	24.615	130	79	4	12	130	198	319	8.67e-05	35.0
7_24	5_43	43.590	39	22	0	11	49	194	232	4.32e-04	32.7
7_24	5_21	41.026	39	23	0	11	49	249	287	4.99e-04	32.3
7_25	5_67	58.197	122	42	2	53	165	144	265	1.18e-41	134
7_25	5_56	58.730	63	26	0	97	159	176	238	2.73e-20	77.8
7_25	5_50	49.383	81	39	1	90	168	145	225	6.42e-20	76.3
7_25	5_54	56.250	64	28	0	90	153	165	228	1.86e-19	75.1
7_25	5_30	52.778	72	32	1	93	162	196	267	3.28e-19	75.1
7_25	5_68	53.425	73	32	1	97	169	225	295	6.24e-19	74.3
7_25	5_29	56.140	57	25	0	97	153	129	185	1.97e-16	68.2
7_25	5_47	40.964	83	46	1	88	167	169	251	8.40e-16	66.2
7_25	5_61	43.836	73	41	0	81	153	142	214	1.46e-15	63.9
7_25	5_19	33.333	111	71	1	53	163	144	251	5.83e-15	63.2
7_25	5_8	42.647	68	39	0	86	153	134	201	1.47e-14	60.8
7_25	5_17	43.836	73	41	0	83	155	190	262	1.58e-14	62.0
7_25	5_48	36.559	93	51	2	82	169	195	284	3.34e-14	61.2
7_25	5_34	53.704	54	25	0	100	153	224	277	7.32e-14	60.1
7_25	5_39	41.667	72	37	1	87	153	80	151	2.96e-13	58.2
7_25	5_2	46.032	63	31	1	95	154	159	221	1.14e-12	57.0
7_25	5_33	41.538	65	38	0	89	153	189	253	3.72e-12	55.5
7_25	5_11	42.254	71	37	2	91	157	257	327	6.17e-12	54.7
7_25	5_44	41.667	60	35	0	95	154	237	296	7.41e-12	54.7
7_25	5_13	37.681	69	43	0	103	171	149	217	1.80e-11	53.1
7_25	5_15	43.548	62	33	1	95	156	236	295	1.96e-11	53.1
7_25	5_40	42.105	57	33	0	97	153	253	309	5.14e-11	52.0
7_25	5_18	44.118	68	38	0	95	162	240	307	1.55e-10	50.8
7_25	5_41	39.130	69	40	1	95	161	197	265	1.72e-10	50.4
7_25	5_21	40.000	65	36	1	92	153	224	288	2.67e-10	50.1
7_25	5_24	44.262	61	34	0	95	155	298	358	3.41e-10	49.7
7_25	5_43	35.897	78	42	1	94	171	174	243	4.44e-10	49.3
7_25	5_45	37.879	66	41	0	87	152	46	111	1.18e-09	48.1
7_25	5_3	40.351	57	34	0	97	153	58	114	5.44e-09	45.8
7_25	5_9	33.803	71	45	1	85	153	23	93	1.09e-08	45.1
7_25	5_22	38.983	59	36	0	95	153	180	238	3.56e-08	43.9
7_25	5_36	38.462	65	39	1	90	153	56	120	4.46e-08	42.4
7_25	5_14	44.898	49	24	1	91	136	260	308	1.06e-07	42.4
7_25	5_49	32.857	70	44	1	90	156	317	386	1.90e-07	41.6
7_25	5_26	34.921	63	40	1	98	159	318	380	1.98e-07	41.6
7_25	5_7	43.182	44	20	1	129	167	1	44	3.76e-07	40.0
7_25	5_60	28.571	77	55	0	84	160	442	518	4.17e-07	40.8
7_25	5_65	32.051	78	51	1	76	153	252	327	6.29e-07	40.4
7_25	5_57	33.962	53	30	2	100	147	363	415	7.13e-07	40.0
7_25	5_1	35.385	65	38	2	94	155	307	370	1.81e-06	38.9
7_25	5_32	31.148	61	42	0	93	153	176	236	8.70e-06	36.6
7_25	5_42	30.882	68	46	1	97	164	87	153	9.45e-06	36.6
7_25	5_0	38.889	54	33	0	97	150	106	159	1.84e-05	35.0
7_25	5_35	60.000	30	11	1	129	157	3	32	2.32e-05	35.4
7_25	5_37	29.333	75	49	2	99	169	167	241	2.84e-05	35.4
7_25	5_16	36.364	44	28	0	87	130	156	199	3.25e-05	34.7
7_25	5_52	32.787	61	36	2	97	153	234	293	5.06e-05	34.3
7_25	5_4	34.694	49	32	0	123	171	219	267	8.57e-05	33.9
7_25	5_62	24.658	73	53	1	83	153	645	717	2.27e-04	32.7
7_25	5_38	36.364	66	33	3	96	153	232	296	3.95e-04	32.0
7_25	5_53	63.158	19	7	0	135	153	1	19	4.20e-04	31.2
7_25	5_27	25.316	79	54	2	87	160	95	173	4.53e-04	31.6
7_26	5_33	56.757	74	31	1	67	140	182	254	1.21e-24	92.8
7_26	5_39	45.614	114	52	4	54	158	61	173	5.60e-24	88.6
7_26	5_11	53.488	86	37	2	81	166	263	345	6.86e-23	87.4
7_26	5_41	53.521	71	33	0	81	151	197	267	6.93e-23	86.7
7_26	5_21	52.688	93	37	2	78	167	227	315	1.59e-22	86.3
7_26	5_17	52.055	73	35	0	68	140	189	261	6.11e-21	81.3
7_26	5_9	45.946	111	57	3	59	167	12	121	2.17e-20	78.6
7_26	5_30	43.529	85	45	1	64	145	178	262	5.41e-20	78.2
7_26	5_48	48.000	75	36	1	73	147	200	271	4.66e-19	75.9
7_26	5_44	56.667	60	26	0	80	139	236	295	6.89e-19	75.9
7_26	5_2	51.515	66	32	0	76	141	157	222	1.07e-18	75.5
7_26	5_43	43.820	89	48	1	81	167	175	263	1.48e-18	75.1
7_26	5_61	52.542	59	28	0	81	139	156	214	3.45e-18	72.4
7_26	5_56	49.153	59	30	0	82	140	175	233	5.08e-17	70.1
7_26	5_68	47.458	59	31	0	82	140	224	282	1.67e-16	68.6
7_26	5_29	50.000	58	29	0	83	140	129	186	3.46e-16	68.6
7_26	5_15	48.571	70	35	1	76	145	229	297	3.80e-16	67.8
7_26	5_24	56.897	58	25	0	83	140	300	357	4.65e-16	68.2
7_26	5_13	45.588	68	37	0	71	138	131	198	5.24e-16	67.0
7_26	5_50	43.662	71	33	1	70	140	146	209	6.79e-16	66.6
7_26	5_18	41.667	72	39	1	80	148	239	310	1.11e-15	67.0
7_26	5_47	47.368	57	30	0	83	139	178	234	2.23e-15	66.2
7_26	5_34	50.000	56	28	0	86	141	224	279	2.72e-15	65.1
7_26	5_8	49.180	61	31	0	83	143	145	205	3.89e-15	63.5
7_26	5_19	48.276	58	30	0	83	140	185	242	1.01e-14	63.5
7_26	5_54	42.857	63	36	0	81	143	170	232	2.92e-14	62.0
7_26	5_3	35.644	101	60	2	43	140	17	115	7.68e-14	60.8
7_26	5_42	32.558	129	81	2	67	189	68	196	1.29e-13	60.5
7_26	5_40	40.000	75	39	1	82	150	252	326	2.42e-13	59.7
7_26	5_22	35.385	65	42	0	79	143	178	242	1.36e-12	57.8
7_26	5_36	35.484	62	40	0	79	140	59	120	1.75e-11	52.4
7_26	5_67	38.158	76	40	1	64	139	185	253	2.30e-11	53.9
7_26	5_45	34.884	86	51	1	58	143	36	116	3.17e-11	53.9
7_26	5_26	45.614	57	30	1	84	139	318	374	1.18e-10	52.0
7_26	5_7	80.000	25	5	0	115	139	1	25	1.80e-10	50.4
7_26	5_1	34.177	79	52	0	61	139	290	368	9.27e-08	43.5
7_26	5_57	40.351	57	32	1	79	133	359	415	2.91e-07	42.0
7_26	5_31	29.508	61	43	0	81	141	265	325	4.72e-07	41.2
7_26	5_4	31.646	79	52	1	61	139	173	249	7.70e-07	40.4
7_26	5_35	40.476	42	25	0	114	155	2	43	1.17e-06	40.0
7_26	5_14	42.500	40	23	0	83	122	269	308	3.76e-06	38.5
7_26	5_65	27.397	73	53	0	67	139	255	327	3.96e-06	38.9
7_26	5_49	28.302	106	73	2	56	159	300	404	9.03e-06	37.4
7_26	5_53	55.000	20	9	0	121	140	1	20	1.04e-05	36.6
7_26	5_16	42.857	35	20	0	82	116	165	199	1.32e-05	36.2
7_26	5_32	26.667	75	55	0	83	157	180	254	1.35e-05	37.0
7_26	5_25	34.783	46	30	0	87	132	45	90	3.45e-05	35.4
7_26	5_20	38.462	65	29	2	82	146	36	89	5.29e-05	34.7
7_26	5_37	32.258	62	38	2	80	140	167	225	8.73e-05	34.3
7_26	5_38	23.188	69	53	0	84	152	241	309	7.36e-04	31.6
7_26	5_52	33.333	45	30	0	106	150	260	304	8.66e-04	31.2
7_27	5_41	83.721	129	21	0	10	138	181	309	2.39e-80	233
7_27	5_18	47.000	100	47	3	19	117	232	326	3.11e-22	84.0
7_27	5_33	53.333	75	33	1	13	85	180	254	5.36e-22	83.2
7_27	5_39	53.947	76	32	1	26	98	90	165	5.58e-21	78.6
7_27	5_15	55.072	69	31	0	26	94	234	302	1.32e-20	78.6
7_27	5_11	33.636	110	71	1	25	132	262	371	2.23e-20	78.2
7_27	5_48	56.140	57	25	0	31	87	210	266	8.99e-20	75.9
7_27	5_21	55.000	60	27	0	26	85	230	289	2.29e-19	75.5
7_27	5_9	50.000	66	33	0	23	88	32	97	5.32e-18	70.5
7_27	5_2	52.542	59	28	0	26	84	162	220	1.16e-17	70.5
7_27	5_61	49.153	59	30	0	26	84	156	214	1.67e-17	68.6
7_27	5_44	45.333	75	37	1	26	96	237	311	4.48e-17	68.9
7_27	5_68	47.541	61	32	0	25	85	222	282	6.38e-17	68.2
7_27	5_13	56.716	67	25	2	25	89	138	202	9.65e-17	67.0
7_27	5_17	48.333	60	31	0	26	85	202	261	1.22e-16	67.4
7_27	5_43	40.541	74	44	0	26	99	175	248	3.87e-16	66.2
7_27	5_29	49.153	59	30	0	28	86	129	187	4.10e-16	66.2
7_27	5_56	45.000	60	33	0	26	85	174	233	1.03e-15	64.7
7_27	5_34	46.970	66	35	0	23	88	216	281	1.30e-15	64.3
7_27	5_30	50.847	59	29	0	26	84	198	256	2.66e-15	63.5
7_27	5_19	40.299	67	40	0	28	94	185	251	7.57e-15	62.4
7_27	5_50	45.000	60	33	0	26	85	150	209	1.03e-14	61.6
7_27	5_47	35.714	70	45	0	28	97	178	247	1.90e-14	61.6
7_27	5_24	48.333	60	31	0	26	85	298	357	3.40e-14	60.8
7_27	5_8	45.455	55	30	0	31	85	148	202	1.36e-13	57.8
7_27	5_40	40.000	60	36	0	28	87	253	312	5.62e-13	57.0
7_27	5_42	42.466	73	41	1	26	98	85	156	6.33e-13	57.0
7_27	5_36	42.857	63	34	1	25	85	58	120	1.14e-12	54.3
7_27	5_22	41.935	62	36	0	26	87	180	241	2.23e-12	55.5
7_27	5_54	37.838	74	44	1	26	97	170	243	3.20e-12	54.7
7_27	5_26	43.636	55	30	1	31	84	320	374	1.52e-10	50.1
7_27	5_3	37.288	59	37	0	26	84	56	114	2.19e-10	49.7
7_27	5_45	35.897	78	50	0	21	98	49	126	7.11e-10	48.5
7_27	5_67	36.667	60	38	0	25	84	194	253	1.46e-09	47.0
7_27	5_57	39.623	53	30	2	28	78	363	415	1.66e-07	41.6
7_27	5_14	47.500	40	21	0	28	67	269	308	3.71e-07	40.0
7_27	5_7	60.000	25	10	0	60	84	1	25	4.24e-07	39.7
7_27	5_31	25.600	125	92	1	24	147	263	387	4.84e-07	40.0
7_27	5_35	42.500	40	23	0	59	98	2	41	9.29e-07	38.9
7_27	5_1	39.062	64	38	1	26	89	311	373	1.53e-06	38.5
7_27	5_49	33.871	62	41	0	23	84	322	383	1.89e-06	38.1
7_27	5_60	32.143	56	38	0	24	79	451	506	2.20e-06	38.1
7_27	5_32	33.333	57	38	0	28	84	180	236	1.63e-05	35.4
7_27	5_16	44.118	34	19	0	28	61	166	199	1.94e-05	35.0
7_27	5_0	37.500	56	35	0	26	81	104	159	2.79e-05	34.3
7_27	5_4	30.864	81	50	2	20	96	187	265	7.66e-05	33.5
7_27	5_53	40.000	25	15	0	66	90	1	25	7.68e-05	33.1
7_27	5_20	28.571	77	52	1	42	118	43	116	1.28e-04	32.7
7_27	5_25	32.609	46	31	0	32	77	45	90	1.43e-04	32.7
7_27	5_59	24.390	41	31	0	60	100	5	45	2.51e-04	32.0
7_27	5_37	36.842	38	24	0	48	85	188	225	3.27e-04	31.6
7_27	5_52	25.000	64	45	1	31	91	237	300	6.59e-04	30.8
7_28	5_36	67.308	52	17	0	192	243	59	110	4.42e-21	81.6
7_28	5_22	71.154	52	15	0	192	243	178	229	5.34e-20	83.6
7_28	5_42	50.000	68	31	1	179	243	67	134	3.24e-18	77.4
7_28	5_3	53.571	56	25	1	188	243	51	105	2.36e-13	62.0
7_28	5_48	40.625	64	37	1	180	243	192	254	1.25e-08	48.1
7_28	5_17	35.043	117	65	4	136	243	137	251	4.09e-08	46.6
7_28	5_44	45.098	51	28	0	193	243	236	286	7.25e-08	45.8
7_28	5_39	41.176	51	30	0	193	243	92	142	1.15e-07	44.7
7_28	5_2	39.216	51	31	0	193	243	161	211	1.53e-07	44.7
7_28	5_40	33.333	60	40	0	184	243	241	300	3.18e-07	43.5
7_28	5_30	34.118	85	47	3	160	243	171	247	4.26e-07	43.1
7_28	5_61	48.000	50	26	0	194	243	156	205	4.38e-07	42.7
7_28	5_33	31.111	90	55	2	154	243	162	244	1.59e-06	42.0
7_28	5_19	36.364	66	39	1	178	243	170	232	1.65e-06	41.2
7_28	5_50	36.923	65	34	1	179	243	142	199	1.73e-06	41.2
7_28	5_8	37.879	66	36	1	183	243	127	192	2.61e-06	40.0
7_28	5_56	39.344	61	36	1	183	243	164	223	4.42e-06	40.0
7_28	5_43	38.182	55	34	0	189	243	170	224	4.56e-06	40.0
7_28	5_25	43.182	44	25	0	200	243	45	88	9.28e-06	38.9
7_28	5_21	34.328	67	39	1	182	243	213	279	1.12e-05	38.9
7_28	5_47	26.852	108	78	1	136	243	119	225	2.54e-05	38.1
7_28	5_41	36.000	50	32	0	194	243	197	246	3.36e-05	37.4
7_28	5_29	43.750	48	27	0	196	243	129	176	5.28e-05	37.0
7_28	5_49	35.385	65	41	1	179	243	311	374	7.67e-05	36.6
7_28	5_31	32.000	50	34	0	194	243	265	314	8.32e-05	36.2
7_28	5_32	34.694	49	32	0	195	243	179	227	1.10e-04	35.8
7_28	5_54	34.921	63	34	1	181	243	164	219	1.18e-04	35.4
7_28	5_18	37.255	51	32	0	193	243	239	289	1.33e-04	35.8
7_28	5_68	36.364	55	34	1	189	243	219	272	2.53e-04	34.7
7_28	5_26	41.667	48	27	1	197	243	318	365	2.76e-04	34.7
7_28	5_34	40.000	45	27	0	199	243	224	268	3.02e-04	34.3
7_28	5_24	44.000	50	28	0	194	243	298	347	3.63e-04	34.3
7_28	5_11	33.962	53	35	0	191	243	260	312	5.88e-04	33.5
7_28	5_13	34.615	52	34	0	192	243	139	190	8.78e-04	32.7
7_29	5_38	62.941	170	47	3	1	170	138	291	6.19e-66	201
7_29	5_31	28.500	200	107	6	1	170	125	318	7.57e-19	75.1
7_29	5_4	28.324	173	82	4	1	170	111	244	4.86e-18	72.8
7_29	5_32	27.059	170	67	4	2	170	118	231	2.43e-14	62.4
7_29	5_49	42.424	66	38	0	105	170	313	378	2.20e-12	56.6
7_29	5_49	41.463	41	23	1	2	41	126	166	1.94e-08	45.1
7_29	5_62	52.000	50	24	0	121	170	663	712	3.66e-12	56.2
7_29	5_36	35.714	56	36	0	115	170	59	114	3.48e-09	45.4
7_29	5_65	44.444	54	26	2	122	173	274	325	7.82e-07	40.4
7_29	5_65	32.653	49	33	0	120	168	31	79	1.83e-05	36.2
7_29	5_3	33.333	51	34	0	120	170	59	109	8.37e-07	40.0
7_29	5_22	32.143	56	38	0	115	170	178	233	1.98e-06	38.9
7_29	5_20	39.130	46	28	0	125	170	35	80	1.99e-06	38.5
7_29	5_28	31.481	54	37	0	120	173	1055	1108	6.43e-06	37.7
7_29	5_12	31.429	70	47	1	101	170	32	100	8.64e-06	35.4
7_29	5_47	32.258	62	36	2	113	171	172	230	1.23e-05	36.6
7_29	5_56	32.258	62	29	2	113	171	177	228	2.72e-05	35.4
7_29	5_44	30.909	55	38	0	116	170	236	290	7.56e-05	34.3
7_29	5_43	28.571	49	35	0	122	170	180	228	9.50e-05	33.9
7_29	5_19	28.846	52	37	0	120	171	186	237	9.80e-05	33.9
7_29	5_8	28.947	114	66	4	65	171	92	197	1.12e-04	33.5
7_29	5_26	30.189	53	36	1	119	170	317	369	1.75e-04	33.1
7_29	5_42	27.586	58	42	0	113	170	81	138	1.79e-04	33.1
7_29	5_21	27.869	61	43	1	110	170	224	283	2.36e-04	32.7
7_29	5_13	43.333	30	14	1	142	171	169	195	3.24e-04	32.0
7_29	5_2	30.769	65	35	2	111	170	156	215	3.95e-04	32.0
7_29	5_40	31.481	54	37	0	120	173	254	307	7.87e-04	31.2
7_29	5_68	28.788	66	34	2	109	171	222	277	8.26e-04	30.8
7_30	5_2	46.269	67	30	1	74	134	158	224	8.44e-14	61.2
7_30	5_33	45.833	72	30	2	70	132	184	255	1.11e-13	61.2
7_30	5_39	49.275	69	28	2	69	131	85	152	5.34e-13	58.5
7_30	5_13	38.298	94	49	2	78	162	141	234	5.59e-13	58.5
7_30	5_11	38.824	85	44	2	68	146	253	335	1.51e-12	57.8
7_30	5_17	39.000	100	47	2	70	163	194	285	2.50e-12	57.0
7_30	5_21	47.692	65	28	1	75	133	227	291	3.52e-12	56.6
7_30	5_18	42.169	83	39	2	78	154	240	319	4.05e-12	56.6
7_30	5_43	37.975	79	45	2	78	154	175	251	9.02e-12	55.5
7_30	5_61	44.444	63	29	1	77	133	155	217	9.22e-12	54.7
7_30	5_48	46.479	71	29	3	69	132	197	265	1.74e-11	54.3
7_30	5_47	39.759	83	37	2	72	141	170	252	2.17e-11	54.7
7_30	5_34	41.892	74	34	2	82	149	223	293	3.48e-11	53.5
7_30	5_29	30.400	125	60	3	80	198	129	232	1.13e-10	52.4
7_30	5_54	37.634	93	51	2	63	148	154	246	1.31e-10	51.6
7_30	5_15	39.189	74	37	2	78	143	234	307	3.08e-10	50.8
7_30	5_8	45.763	59	26	1	80	132	145	203	3.31e-10	50.1
7_30	5_19	33.077	130	70	4	70	188	181	304	8.13e-10	49.3
7_30	5_9	38.889	72	36	1	78	141	35	106	1.05e-09	48.9
7_30	5_41	31.092	119	64	4	39	147	159	269	1.04e-08	46.2
7_30	5_67	32.231	121	70	4	49	160	164	281	1.23e-08	45.8
7_30	5_50	35.366	82	47	1	73	148	145	226	1.25e-08	45.8
7_30	5_44	36.634	101	56	2	46	138	203	303	1.78e-08	45.4
7_30	5_36	36.486	74	41	1	65	132	48	121	3.74e-08	43.1
7_30	5_40	43.860	57	26	1	80	130	253	309	4.81e-08	44.3
7_30	5_30	31.522	92	57	1	76	161	196	287	6.04e-08	43.9
7_30	5_24	47.541	61	26	1	78	132	298	358	1.81e-07	42.7
7_30	5_68	39.344	61	31	1	79	133	224	284	5.12e-07	41.2
7_30	5_56	39.655	58	29	1	79	130	175	232	9.53e-07	40.0
7_30	5_3	35.938	64	35	1	78	135	56	119	1.24e-06	39.7
7_30	5_22	37.288	59	31	1	78	130	180	238	1.25e-05	37.0
7_30	5_42	29.630	81	46	2	80	154	87	162	4.43e-05	35.0
7_30	5_57	46.512	43	21	1	80	120	363	405	5.88e-05	35.0
7_30	5_45	36.207	58	31	1	78	129	54	111	4.10e-04	32.3
7_30	5_14	35.294	51	30	1	69	119	261	308	7.94e-04	31.2
7_31	5_8	79.104	67	14	0	49	115	140	206	2.33e-35	119
7_31	5_30	58.209	67	26	1	50	114	194	260	3.25e-20	80.5
7_31	5_61	52.308	65	31	0	52	116	156	220	4.78e-20	79.0
7_31	5_29	62.069	58	22	0	54	111	129	186	2.00e-19	80.1
7_31	5_34	55.000	60	26	1	57	116	224	282	3.94e-18	74.7
7_31	5_19	38.739	111	60	2	4	111	137	242	4.34e-18	74.7
7_31	5_48	54.237	59	27	0	52	110	205	263	2.56e-17	72.8
7_31	5_40	57.895	57	24	0	54	110	253	309	3.33e-17	72.4
7_31	5_47	55.932	59	26	0	53	111	177	235	3.44e-17	73.2
7_31	5_54	50.000	64	32	0	52	115	170	233	7.17e-17	70.5
7_31	5_11	48.387	62	32	0	52	113	263	324	8.79e-17	71.6
7_31	5_39	55.172	58	26	0	54	111	95	152	2.67e-16	68.9
7_31	5_56	44.737	76	40	1	51	124	173	248	3.22e-16	69.3
7_31	5_2	40.698	86	45	2	27	110	139	220	8.58e-16	68.6
7_31	5_21	42.466	73	42	0	52	124	230	302	1.27e-15	68.2
7_31	5_50	36.538	104	59	2	8	111	113	209	1.27e-15	67.0
7_31	5_17	38.462	117	54	3	54	158	204	314	2.39e-15	67.0
7_31	5_33	46.032	63	34	0	49	111	192	254	7.46e-15	66.2
7_31	5_68	48.333	60	31	0	52	111	223	282	1.13e-14	64.7
7_31	5_67	45.161	62	34	0	49	110	192	253	1.56e-14	64.3
7_31	5_44	44.286	70	39	0	54	123	239	308	2.06e-14	64.3
7_31	5_43	44.068	59	33	0	52	110	175	233	3.35e-14	63.9
7_31	5_41	45.000	60	33	0	52	111	197	256	5.80e-14	62.8
7_31	5_42	31.214	173	94	6	21	175	52	217	3.83e-13	60.5
7_31	5_15	42.424	66	37	1	51	115	232	297	1.78e-12	58.5
7_31	5_18	47.458	59	31	0	52	110	240	298	2.59e-12	58.5
7_31	5_24	37.895	95	47	1	54	136	300	394	2.89e-12	58.2
7_31	5_13	49.020	51	26	0	57	107	146	196	3.09e-12	57.4
7_31	5_3	39.091	110	56	5	54	152	58	167	4.83e-12	57.0
7_31	5_22	45.000	60	33	0	52	111	180	239	6.32e-12	57.0
7_31	5_9	40.984	61	36	0	52	112	35	95	7.26e-12	56.2
7_31	5_36	47.368	57	30	0	55	111	64	120	7.82e-12	54.3
7_31	5_26	33.803	71	46	1	41	110	304	374	9.12e-10	50.4
7_31	5_45	37.931	58	36	0	57	114	59	116	4.18e-09	48.9
7_31	5_14	35.088	57	37	0	36	92	251	307	1.70e-08	46.2
7_31	5_57	38.889	54	31	1	53	104	362	415	9.29e-08	44.7
7_31	5_62	33.708	89	36	5	45	115	639	722	2.93e-07	43.1
7_31	5_12	39.655	58	31	3	52	107	47	102	5.67e-07	39.3
7_31	5_32	32.787	61	41	0	50	110	176	236	6.94e-07	41.6
7_31	5_16	50.000	34	17	0	54	87	166	199	8.96e-07	40.4
7_31	5_1	35.088	57	37	0	54	110	312	368	1.26e-06	40.8
7_31	5_7	55.556	27	12	0	86	112	1	27	1.72e-06	39.3
7_31	5_65	27.536	69	50	0	54	122	30	98	2.52e-06	40.0
7_31	5_65	36.842	57	36	0	54	110	271	327	7.24e-06	38.9
7_31	5_60	31.343	67	46	0	54	120	455	521	3.62e-06	39.7
7_31	5_49	35.714	56	36	0	57	112	330	385	7.17e-06	38.5
7_31	5_25	34.783	46	30	0	58	103	45	90	1.07e-05	37.7
7_31	5_38	31.250	64	38	2	55	115	241	301	4.51e-05	36.2
7_31	5_31	27.692	65	47	0	54	118	267	331	7.27e-05	35.4
7_31	5_4	35.088	57	37	0	54	110	193	249	1.27e-04	34.7
7_31	5_35	53.846	26	12	0	86	111	3	28	3.52e-04	33.1
7_31	5_64	27.848	79	46	3	49	116	540	618	4.51e-04	33.1
7_31	5_59	38.462	26	16	0	85	110	4	29	6.21e-04	32.0
7_32	5_22	75.000	104	21	1	63	166	169	267	3.25e-47	159
7_32	5_36	65.672	67	23	0	67	133	54	120	3.36e-26	95.5
7_32	5_42	49.451	91	42	1	43	133	58	144	6.33e-26	99.4
7_32	5_3	51.948	77	37	0	60	136	42	118	4.26e-23	90.5
7_32	5_48	38.835	103	56	2	60	159	188	286	1.11e-18	78.6
7_32	5_33	35.849	106	67	1	29	133	149	254	2.28e-15	69.7
7_32	5_17	42.683	82	47	0	52	133	180	261	3.30e-15	68.2
7_32	5_39	45.161	62	34	0	73	134	92	153	1.38e-14	65.5
7_32	5_41	43.284	67	38	0	74	140	197	263	1.24e-13	63.2
7_32	5_44	46.875	64	34	0	69	132	232	295	1.54e-13	63.2
7_32	5_30	31.618	136	82	3	1	135	134	259	1.74e-13	62.4
7_32	5_40	36.364	99	52	3	75	169	252	343	6.45e-13	61.2
7_32	5_61	45.763	59	32	0	74	132	156	214	6.90e-13	59.7
7_32	5_2	41.667	60	35	0	73	132	161	220	8.24e-13	60.8
7_32	5_56	42.254	71	38	1	74	144	174	241	1.05e-12	60.1
7_32	5_13	41.379	87	51	0	45	131	112	198	2.47e-12	58.9
7_32	5_15	43.333	60	34	0	73	132	233	292	2.64e-12	59.3
7_32	5_24	46.667	60	32	0	74	133	298	357	5.15e-12	58.9
7_32	5_50	41.667	60	35	0	74	133	150	209	8.18e-12	57.0
7_32	5_49	38.144	97	54	2	47	143	301	391	8.41e-12	58.5
7_32	5_31	40.984	61	36	0	74	134	265	325	9.01e-12	57.8
7_32	5_32	38.356	73	45	0	64	136	168	240	2.51e-11	56.6
7_32	5_21	32.609	92	61	1	60	151	216	306	6.65e-11	55.1
7_32	5_19	41.379	58	34	0	76	133	185	242	2.12e-10	53.1
7_32	5_47	32.258	93	62	1	41	133	144	235	2.15e-10	53.9
7_32	5_18	41.935	62	36	0	73	134	239	300	2.31e-10	53.9
7_32	5_68	39.062	64	39	0	70	133	219	282	3.03e-10	52.8
7_32	5_8	46.552	58	31	0	76	133	145	202	3.77e-10	51.2
7_32	5_25	44.286	70	39	0	56	125	21	90	8.14e-10	51.6
7_32	5_45	38.095	63	39	0	71	133	51	113	1.14e-09	51.6
7_32	5_43	35.135	74	47	1	60	132	160	233	1.19e-09	51.2
7_32	5_29	45.763	59	32	0	76	134	129	187	1.19e-09	51.6
7_32	5_34	39.706	68	40	1	78	144	223	290	1.30e-09	50.8
7_32	5_11	39.706	68	40	1	72	138	261	328	1.40e-09	51.2
7_32	5_54	39.344	61	37	0	74	134	170	230	3.95e-09	48.9
7_32	5_26	40.625	64	35	2	77	137	318	381	9.64e-09	48.5
7_32	5_9	32.323	99	66	1	48	145	8	106	1.59e-08	47.0
7_32	5_52	35.821	67	38	2	76	138	234	299	1.69e-07	44.7
7_32	5_35	64.286	28	10	0	106	133	1	28	2.75e-07	43.5
7_32	5_53	75.000	20	5	0	114	133	1	20	2.84e-07	42.4
7_32	5_60	31.944	72	44	1	63	134	447	513	3.55e-07	43.5
7_32	5_65	32.895	76	47	1	65	136	256	331	4.16e-07	43.9
7_32	5_65	25.862	58	43	0	76	133	30	87	3.57e-04	34.3
7_32	5_4	40.351	57	34	0	76	132	193	249	5.72e-07	42.7
7_32	5_59	53.333	30	14	0	106	135	3	32	8.51e-07	41.6
7_32	5_67	35.593	59	38	0	74	132	195	253	1.07e-06	41.6
7_32	5_28	34.211	76	50	0	76	151	1054	1129	1.36e-06	42.0
7_32	5_38	30.303	66	46	0	68	133	232	297	1.99e-06	41.2
7_32	5_57	35.849	53	32	1	76	126	363	415	6.40e-06	39.7
7_32	5_12	28.889	90	56	1	40	129	21	102	6.54e-06	37.0
7_32	5_1	26.901	171	94	6	59	199	288	457	1.38e-05	38.5
7_32	5_20	33.333	81	46	2	90	162	43	123	3.71e-05	36.6
7_32	5_27	29.762	84	58	1	47	129	78	161	6.99e-05	36.2
7_32	5_7	52.632	19	9	0	114	132	7	25	7.90e-05	35.0
7_32	5_37	29.487	78	53	1	58	133	148	225	6.55e-04	33.1
7_33	5_52	64.444	90	16	4	17	103	14	90	8.82e-27	100
7_34	5_21	70.552	163	33	4	133	290	222	374	2.53e-76	230
7_34	5_9	59.167	120	42	4	111	229	11	124	2.61e-42	138
7_34	5_43	70.213	94	25	1	141	231	175	268	3.48e-42	141
7_34	5_11	51.515	99	42	2	141	237	263	357	1.15e-28	105
7_34	5_61	56.667	60	26	0	143	202	158	217	1.33e-19	77.8
7_34	5_41	55.000	60	27	0	141	200	197	256	1.37e-19	79.3
7_34	5_33	51.667	60	29	0	141	200	195	254	7.76e-19	78.2
7_34	5_15	53.731	67	30	1	138	203	230	296	1.10e-18	77.0
7_34	5_17	42.718	103	54	2	99	200	163	261	1.69e-18	76.3
7_34	5_2	46.914	81	39	1	123	199	140	220	2.48e-18	76.3
7_34	5_39	34.932	146	81	3	58	200	18	152	2.13e-17	72.0
7_34	5_13	48.485	66	34	0	139	204	139	204	2.99e-17	72.0
7_34	5_48	52.542	59	28	0	143	201	207	265	4.52e-17	72.0
7_34	5_47	36.364	110	58	3	90	199	137	234	1.61e-16	71.2
7_34	5_18	40.845	71	42	0	140	210	239	309	1.73e-16	71.2
7_34	5_54	50.000	62	31	0	141	202	170	231	3.79e-16	68.6
7_34	5_29	46.875	64	34	0	143	206	129	192	1.06e-15	68.9
7_34	5_50	46.667	60	32	0	141	200	150	209	1.34e-14	64.3
7_34	5_44	46.154	65	35	0	140	204	236	300	1.35e-14	65.1
7_34	5_24	42.453	106	50	2	143	248	300	394	1.71e-14	65.1
7_34	5_40	35.106	94	52	2	107	199	224	309	2.91e-14	63.9
7_34	5_68	40.580	69	41	0	141	209	223	291	3.55e-14	63.5
7_34	5_30	47.458	59	31	0	143	201	200	258	6.72e-14	62.4
7_34	5_19	45.902	61	33	0	143	203	185	245	1.01e-13	62.4
7_34	5_34	41.538	65	38	0	146	210	224	288	2.04e-13	61.2
7_34	5_56	41.667	60	35	0	141	200	174	233	2.30e-13	60.8
7_34	5_8	45.763	59	32	0	143	201	145	203	3.79e-13	59.3
7_34	5_42	31.579	95	61	2	111	202	53	146	1.66e-11	55.5
7_34	5_67	40.323	62	34	1	138	199	195	253	4.24e-11	54.3
7_34	5_3	31.884	138	84	5	107	241	21	151	5.65e-11	53.9
7_34	5_45	36.709	79	50	0	123	201	36	114	1.22e-10	53.5
7_34	5_22	34.286	70	46	0	131	200	170	239	1.77e-10	52.8
7_34	5_26	43.333	60	33	1	144	202	318	377	7.53e-10	50.8
7_34	5_36	30.882	68	47	0	139	206	59	126	1.50e-09	47.8
7_34	5_32	29.787	94	60	1	106	199	149	236	4.07e-08	45.4
7_34	5_7	64.286	28	10	0	175	202	1	28	4.47e-08	44.3
7_34	5_57	41.509	53	29	1	143	193	363	415	9.40e-08	44.7
7_34	5_1	30.579	121	66	3	121	241	291	393	1.55e-07	43.9
7_34	5_65	27.049	122	79	3	78	199	216	327	4.83e-07	42.4
7_34	5_49	32.184	87	52	1	120	206	311	390	5.46e-07	42.0
7_34	5_25	36.957	46	29	0	149	194	47	92	3.25e-05	36.2
7_34	5_4	32.836	67	41	1	143	205	193	259	3.90e-05	36.2
7_34	5_27	26.154	130	76	5	90	205	47	170	6.20e-05	35.4
7_34	5_20	32.432	74	38	2	135	196	9	82	7.17e-05	35.0
7_34	5_14	33.333	42	28	0	141	182	267	308	1.08e-04	34.7
7_34	5_35	46.429	28	15	0	173	200	1	28	1.93e-04	33.9
7_34	5_31	31.667	60	40	1	140	199	265	323	2.95e-04	33.5
7_34	5_37	37.838	37	23	0	166	202	191	227	3.44e-04	33.5
7_34	5_12	25.490	102	73	1	95	196	4	102	4.31e-04	31.2
7_34	5_38	27.419	62	43	1	146	207	243	302	6.74e-04	32.3
7_34	5_60	27.586	58	42	0	141	198	453	510	7.37e-04	32.3
7_34	5_64	26.190	84	52	1	140	213	543	626	8.19e-04	32.3
7_35	5_42	73.626	91	24	0	16	106	104	194	2.42e-46	148
7_35	5_22	47.297	74	29	1	17	90	200	263	3.50e-19	77.0
7_35	5_36	70.732	41	12	0	17	57	81	121	1.56e-17	68.9
7_35	5_3	29.487	156	84	4	17	163	76	214	1.68e-14	63.2
7_35	5_35	65.625	32	11	0	29	60	1	32	1.27e-09	48.9
7_35	5_25	40.625	64	36	1	11	74	55	116	4.51e-09	47.4
7_35	5_50	38.710	62	37	1	16	77	169	229	1.31e-08	45.8
7_35	5_31	29.825	114	69	2	17	130	285	387	3.20e-08	45.1
7_35	5_15	40.741	54	30	1	16	67	253	306	3.26e-08	44.7
7_35	5_48	40.000	40	24	0	16	55	224	263	3.39e-08	44.7
7_35	5_29	32.710	107	62	5	14	115	140	241	5.59e-08	44.3
7_35	5_13	36.364	55	35	0	17	71	161	215	6.70e-08	43.5
7_35	5_33	33.962	53	33	1	16	68	214	264	7.80e-08	43.9
7_35	5_53	71.429	21	6	0	37	57	1	21	1.31e-07	42.0
7_35	5_41	38.333	60	34	2	12	68	210	269	1.55e-07	42.7
7_35	5_68	38.462	52	28	2	12	59	234	285	1.60e-07	42.7
7_35	5_59	39.024	41	25	0	29	69	3	43	1.76e-07	42.4
7_35	5_39	40.000	40	24	0	17	56	113	152	2.08e-07	42.0
7_35	5_56	38.462	52	28	2	12	59	185	236	2.34e-07	42.0
7_35	5_44	43.590	39	22	0	17	55	257	295	4.57e-07	41.2
7_35	5_40	39.130	46	28	0	16	61	270	315	4.92e-07	41.2
7_35	5_17	39.024	41	25	0	16	56	221	261	5.22e-07	41.2
7_35	5_30	32.308	65	42	1	16	80	217	279	8.72e-07	40.4
7_35	5_2	35.897	39	25	0	17	55	182	220	2.58e-06	39.3
7_35	5_49	48.837	43	22	0	17	59	345	387	2.99e-06	38.9
7_35	5_8	46.341	41	22	0	16	56	162	202	5.09e-06	37.7
7_35	5_61	38.776	49	26	1	14	58	169	217	8.19e-06	37.4
7_35	5_7	37.143	35	22	0	37	71	7	41	1.22e-05	36.6
7_35	5_24	41.463	41	24	0	16	56	317	357	1.66e-05	36.6
7_35	5_43	29.688	64	44	1	17	80	195	257	1.75e-05	36.6
7_35	5_19	34.043	47	27	1	14	56	196	242	1.79e-05	36.6
7_35	5_26	34.146	41	27	0	18	58	337	377	2.38e-05	36.2
7_35	5_47	33.333	57	33	3	14	65	189	245	2.85e-05	36.2
7_35	5_21	33.333	42	28	0	17	58	250	291	5.72e-05	35.0
7_35	5_62	41.860	43	20	1	19	56	676	718	6.35e-05	35.0
7_35	5_34	33.333	63	37	3	14	72	232	293	1.26e-04	33.9
7_35	5_12	50.000	30	15	0	23	52	73	102	1.45e-04	32.3
7_35	5_18	37.255	51	29	2	28	75	271	321	1.95e-04	33.5
7_35	5_32	45.455	33	18	0	23	55	204	236	4.50e-04	32.3
7_35	5_38	31.579	57	37	2	23	77	264	320	4.77e-04	32.3
7_35	5_11	40.000	30	18	0	28	57	294	323	6.54e-04	31.6
7_35	5_52	29.787	47	29	1	13	55	247	293	8.77e-04	31.2
7_36	5_31	56.296	135	35	2	1	129	269	385	4.11e-44	144
7_36	5_49	53.704	54	25	0	2	55	330	383	2.74e-13	59.7
7_36	5_62	49.091	55	28	0	1	55	663	717	9.46e-13	58.2
7_36	5_22	42.857	56	32	0	2	57	185	240	1.14e-11	54.7
7_36	5_65	42.373	59	34	0	2	60	274	332	1.67e-11	54.7
7_36	5_65	33.333	54	36	0	2	55	33	86	3.40e-09	47.8
7_36	5_42	38.571	70	37	1	2	71	90	153	5.35e-11	52.8
7_36	5_38	40.909	66	37	1	1	64	242	307	5.91e-11	52.8
7_36	5_4	36.986	73	46	0	2	74	196	268	9.80e-11	52.0
7_36	5_44	38.554	83	46	2	1	80	241	321	7.70e-10	49.3
7_36	5_12	43.137	51	29	0	2	52	52	102	1.56e-09	45.8
7_36	5_32	42.857	56	32	0	2	57	183	238	2.94e-09	47.8
7_36	5_36	38.182	55	34	0	2	56	66	120	4.42e-09	45.4
7_36	5_3	35.897	78	45	2	2	74	61	138	1.14e-08	45.8
7_36	5_30	39.394	66	37	3	2	65	203	267	5.09e-08	43.9
7_36	5_13	41.509	53	31	0	2	54	146	198	2.23e-07	42.0
7_36	5_39	37.037	54	34	0	2	55	98	151	2.33e-07	41.6
7_36	5_20	24.786	117	63	2	5	121	35	126	6.06e-07	40.4
7_36	5_15	53.846	39	13	2	23	61	263	296	1.58e-06	39.3
7_36	5_50	29.577	71	44	1	2	72	155	219	4.29e-06	38.1
7_36	5_26	34.545	55	35	1	2	55	320	374	7.92e-06	37.4
7_36	5_40	35.185	54	35	0	2	55	256	309	1.59e-05	36.6
7_36	5_2	46.875	32	16	1	30	61	195	225	2.62e-05	35.8
7_36	5_25	35.417	48	31	0	3	50	45	92	2.79e-05	35.8
7_36	5_52	29.231	65	43	1	2	63	237	301	3.54e-05	35.4
7_36	5_27	38.636	44	27	0	23	66	132	175	3.68e-05	35.0
7_36	5_18	33.929	56	37	0	2	57	245	300	4.77e-05	35.0
7_36	5_47	28.767	73	47	3	30	100	209	278	5.17e-05	35.0
7_36	5_48	33.333	54	36	0	2	55	210	263	5.31e-05	34.7
7_36	5_29	34.545	55	36	0	1	55	131	185	5.57e-05	35.0
7_36	5_1	35.185	54	35	0	2	55	315	368	6.70e-05	34.7
7_36	5_56	31.667	60	39	1	2	59	179	238	6.77e-05	34.3
7_36	5_61	32.727	55	37	0	2	56	161	215	8.12e-05	33.9
7_36	5_41	31.148	61	42	0	2	62	202	262	8.85e-05	34.3
7_36	5_59	28.205	39	28	0	28	66	2	40	1.60e-04	33.1
7_36	5_11	31.250	64	38	2	2	62	268	328	2.44e-04	32.7
7_36	5_35	32.353	68	27	2	31	82	3	67	2.95e-04	32.3
7_36	5_19	28.571	63	45	0	1	63	187	249	3.09e-04	32.3
7_36	5_53	44.828	29	13	1	37	65	1	26	4.07e-04	31.6
7_36	5_8	31.579	57	39	0	2	58	148	204	4.40e-04	31.6
7_36	5_34	30.357	56	39	0	2	57	224	279	4.75e-04	32.0
7_36	5_33	25.926	54	40	0	2	55	200	253	8.07e-04	31.2
7_36	5_17	31.481	54	37	0	2	55	207	260	0.001	30.8
7_37	5_13	75.439	57	14	0	72	128	146	202	4.60e-28	99.8
7_37	5_39	48.000	75	34	2	64	136	93	164	1.26e-17	71.2
7_37	5_61	49.275	69	32	1	60	128	152	217	1.30e-16	68.2
7_37	5_15	53.846	65	28	1	75	139	242	304	1.86e-16	68.9
7_37	5_2	46.875	64	34	0	61	124	156	219	3.19e-16	68.6
7_37	5_41	46.377	69	35	1	72	138	202	270	2.80e-15	65.5
7_37	5_44	42.553	94	50	2	57	149	230	320	4.27e-15	65.1
7_37	5_21	45.902	61	33	0	72	132	235	295	7.41e-15	64.3
7_37	5_48	41.111	90	48	2	63	152	204	288	8.07e-15	63.9
7_37	5_34	43.836	73	35	2	52	124	210	276	1.57e-14	63.2
7_37	5_43	47.619	63	32	1	71	132	179	241	1.86e-14	63.2
7_37	5_11	42.105	76	41	2	63	136	260	334	2.36e-14	63.2
7_37	5_30	35.238	105	62	3	50	153	184	283	1.01e-13	60.8
7_37	5_17	48.387	62	29	1	63	124	201	259	1.16e-13	60.8
7_37	5_9	45.161	62	34	0	71	132	39	100	1.58e-13	59.7
7_37	5_50	34.188	117	56	3	66	177	152	252	2.27e-13	59.3
7_37	5_29	38.667	75	43	1	65	139	128	199	2.42e-13	60.5
7_37	5_33	47.170	53	28	0	72	124	200	252	2.95e-13	60.1
7_37	5_8	50.980	51	25	0	72	122	148	198	3.49e-13	58.2
7_37	5_56	34.286	105	63	3	72	172	179	281	3.99e-13	58.9
7_37	5_36	37.143	70	43	1	59	127	52	121	1.85e-12	55.1
7_37	5_18	42.188	64	37	0	65	128	238	301	2.79e-12	57.0
7_37	5_47	38.571	70	37	1	72	135	181	250	5.15e-12	56.2
7_37	5_42	32.143	84	50	2	72	148	90	173	2.04e-11	54.3
7_37	5_40	35.366	82	47	1	72	147	256	337	2.85e-11	53.9
7_37	5_68	43.333	60	32	1	72	131	228	285	2.86e-11	53.9
7_37	5_19	35.556	90	49	2	72	152	188	277	7.41e-11	52.4
7_37	5_67	40.678	59	35	0	71	129	199	257	1.17e-10	52.0
7_37	5_24	45.902	61	30	1	64	124	298	355	1.46e-10	52.0
7_37	5_54	32.584	89	53	2	66	154	172	253	3.73e-10	50.1
7_37	5_22	37.736	53	33	0	72	124	185	237	1.88e-09	48.5
7_37	5_3	34.848	66	42	1	66	131	55	119	2.46e-09	47.8
7_37	5_45	32.000	75	46	1	72	146	59	128	3.86e-09	47.8
7_37	5_26	40.000	60	35	1	71	129	319	378	5.72e-09	47.0
7_37	5_7	64.286	28	10	0	101	128	1	28	1.90e-08	44.7
7_37	5_65	32.051	78	50	1	72	146	274	351	1.23e-07	43.5
7_37	5_31	28.070	114	73	2	63	167	261	374	2.65e-07	42.0
7_37	5_35	66.667	24	8	0	101	124	3	26	1.35e-06	39.7
7_37	5_20	27.835	97	56	2	74	156	34	130	1.90e-06	38.9
7_37	5_55	40.816	49	29	0	72	120	449	497	3.23e-06	38.9
7_37	5_25	34.091	44	29	0	75	118	47	90	8.73e-06	37.4
7_37	5_4	29.231	65	46	0	72	136	196	260	1.10e-05	37.4
7_37	5_49	28.283	99	61	2	68	156	323	421	1.42e-05	37.0
7_37	5_62	35.849	53	34	0	72	124	664	716	2.11e-05	36.6
7_37	5_57	38.298	47	27	1	75	119	369	415	2.47e-05	36.2
7_37	5_53	66.667	18	6	0	107	124	1	18	2.69e-05	35.4
7_37	5_32	30.909	55	38	0	72	126	183	237	4.94e-05	35.0
7_37	5_12	31.373	51	35	0	72	122	52	102	9.45e-05	32.7
7_37	5_59	38.462	26	16	0	99	124	3	28	3.22e-04	32.3
7_37	5_60	23.188	69	53	0	61	129	447	515	3.41e-04	32.7
7_37	5_1	25.641	117	67	3	58	156	302	416	0.001	31.2
7_38	5_15	90.278	72	7	0	2	73	224	295	4.03e-46	155
7_38	5_41	48.718	78	39	1	12	88	197	274	3.38e-17	73.9
7_38	5_33	43.038	79	45	0	12	90	195	273	4.10e-17	74.7
7_38	5_13	50.746	67	33	0	8	74	137	203	1.76e-16	71.2
7_38	5_48	53.968	63	24	1	15	72	203	265	3.25e-16	70.9
7_38	5_21	54.545	66	29	1	8	73	227	291	4.24e-15	68.2
7_38	5_43	47.692	65	34	0	9	73	172	236	3.29e-14	65.5
7_38	5_61	53.571	56	26	0	20	75	164	219	9.39e-14	62.4
7_38	5_9	53.226	62	29	0	12	73	35	96	3.05e-13	61.2
7_38	5_39	56.863	51	22	0	20	70	101	151	7.01e-13	60.1
7_38	5_50	45.455	66	30	2	12	74	150	212	9.30e-13	59.7
7_38	5_11	47.541	61	32	0	12	72	263	323	1.22e-12	60.5
7_38	5_18	51.613	62	30	0	9	70	237	298	2.28e-12	60.1
7_38	5_29	55.556	54	24	0	20	73	135	188	3.07e-12	60.1
7_38	5_68	44.776	67	33	2	12	76	223	287	3.25e-12	58.9
7_38	5_56	50.000	52	26	0	24	75	186	237	4.12e-12	58.5
7_38	5_30	47.143	70	34	2	17	84	203	271	4.44e-12	58.2
7_38	5_34	47.541	61	31	1	16	75	223	283	9.86e-12	57.4
7_38	5_17	50.000	62	26	1	14	70	199	260	1.89e-11	56.6
7_38	5_44	50.847	59	29	0	20	78	245	303	2.79e-11	56.2
7_38	5_47	55.319	47	21	0	24	70	188	234	3.72e-11	56.2
7_38	5_42	42.647	68	31	3	12	74	83	147	6.39e-11	54.7
7_38	5_54	46.774	62	28	2	11	70	170	228	1.05e-10	53.5
7_38	5_2	52.083	48	23	0	24	71	174	221	1.32e-10	54.3
7_38	5_40	40.845	71	39	1	20	90	259	326	1.91e-09	50.4
7_38	5_67	44.231	52	29	0	24	75	207	258	2.91e-09	49.7
7_38	5_22	43.750	64	28	3	12	70	178	238	6.60e-09	48.9
7_38	5_19	44.068	59	31	1	14	70	183	241	7.58e-09	48.5
7_38	5_24	56.250	48	21	0	23	70	309	356	9.61e-09	48.5
7_38	5_45	40.984	61	36	0	12	72	54	114	2.88e-08	47.4
7_38	5_36	46.154	52	22	2	24	72	73	121	5.73e-08	43.9
7_38	5_8	45.283	53	29	0	20	72	151	203	6.73e-08	44.7
7_38	5_3	36.842	57	36	0	17	73	61	117	7.71e-08	45.1
7_38	5_7	64.286	28	10	0	46	73	1	28	1.41e-07	43.5
7_38	5_49	51.515	33	16	0	43	75	356	388	9.30e-07	42.4
7_38	5_53	61.905	21	8	0	52	72	1	21	2.87e-06	39.3
7_38	5_31	53.125	32	13	1	44	73	297	328	4.16e-05	37.0
7_38	5_35	66.667	21	7	0	50	70	7	27	5.65e-05	36.2
7_38	5_20	48.485	33	17	0	37	69	52	84	6.41e-05	35.8
7_38	5_26	35.385	65	41	1	20	83	323	387	8.72e-05	35.8
7_38	5_38	34.043	47	27	1	43	85	269	315	1.02e-04	35.8
7_38	5_12	29.508	61	43	0	7	67	42	102	3.38e-04	32.0
7_38	5_57	32.812	64	34	2	3	64	359	415	6.54e-04	33.1
7_39	5_2	52.709	203	55	9	2	168	9	206	9.99e-49	156
7_39	5_21	47.826	46	24	0	123	168	229	274	1.58e-09	48.9
7_39	5_39	42.857	63	34	1	106	168	77	137	5.21e-09	47.0
7_39	5_41	48.889	45	23	0	124	168	197	241	5.60e-09	47.4
7_39	5_61	48.889	45	23	0	124	168	156	200	1.05e-08	45.8
7_39	5_11	42.222	45	26	0	124	168	263	307	5.99e-08	44.3
7_39	5_17	41.818	55	32	0	114	168	192	246	8.98e-08	43.5
7_39	5_43	44.186	43	24	0	126	168	177	219	1.71e-07	42.7
7_39	5_33	38.000	50	31	0	119	168	190	239	1.92e-07	42.7
7_39	5_48	31.765	85	50	2	118	198	199	279	2.14e-07	42.4
7_39	5_13	41.304	46	27	0	123	168	140	185	2.59e-07	42.0
7_39	5_44	43.478	46	26	0	123	168	236	281	2.72e-07	42.4
7_39	5_29	46.512	43	23	0	126	168	129	171	7.27e-07	41.2
7_39	5_18	41.304	46	27	0	123	168	239	284	8.42e-07	40.8
7_39	5_9	44.444	45	25	0	124	168	35	79	1.13e-06	40.0
7_39	5_47	41.304	46	27	0	123	168	175	220	2.17e-06	39.7
7_39	5_34	42.500	40	23	0	129	168	224	263	3.33e-06	38.9
7_39	5_8	37.037	54	30	1	124	177	143	192	5.31e-06	37.7
7_39	5_3	40.000	45	27	0	122	166	54	98	7.56e-06	37.7
7_39	5_40	38.776	49	29	1	120	168	248	295	9.18e-06	37.4
7_39	5_42	32.143	56	37	1	113	168	75	129	1.08e-05	37.4
7_39	5_19	33.333	63	34	2	106	168	173	227	3.58e-05	35.8
7_39	5_22	36.957	46	29	0	123	168	179	224	1.24e-04	34.3
7_39	5_15	37.500	48	25	1	121	168	236	278	2.86e-04	33.1
7_39	5_30	37.778	45	28	0	124	168	198	242	3.60e-04	32.7
7_39	5_56	34.043	47	31	0	122	168	172	218	4.04e-04	32.3
7_39	5_50	39.535	43	26	0	126	168	152	194	4.36e-04	32.3
7_39	5_57	40.909	44	24	1	125	166	362	405	0.001	31.6
7_40	5_2	51.471	204	48	9	2	160	9	206	2.40e-48	155
7_40	5_21	41.270	63	35	1	98	160	214	274	1.23e-09	49.3
7_40	5_39	39.189	74	41	1	87	160	68	137	1.64e-09	48.5
7_40	5_41	48.889	45	23	0	116	160	197	241	4.98e-09	47.4
7_40	5_61	48.889	45	23	0	116	160	156	200	9.32e-09	45.8
7_40	5_11	42.222	45	26	0	116	160	263	307	5.12e-08	44.3
7_40	5_17	41.818	55	32	0	106	160	192	246	6.48e-08	43.9
7_40	5_33	34.375	64	42	0	97	160	176	239	8.43e-08	43.9
7_40	5_43	44.186	43	24	0	118	160	177	219	1.70e-07	42.7
7_40	5_48	31.765	85	50	2	110	190	199	279	2.20e-07	42.4
7_40	5_13	41.304	46	27	0	115	160	140	185	2.40e-07	42.0
7_40	5_44	43.478	46	26	0	115	160	236	281	2.45e-07	42.4
7_40	5_29	46.512	43	23	0	118	160	129	171	6.18e-07	41.2
7_40	5_18	41.304	46	27	0	115	160	239	284	7.51e-07	40.8
7_40	5_9	44.444	45	25	0	116	160	35	79	9.95e-07	40.0
7_40	5_47	41.304	46	27	0	115	160	175	220	1.97e-06	39.7
7_40	5_34	42.500	40	23	0	121	160	224	263	3.09e-06	38.9
7_40	5_8	37.037	54	30	1	116	169	143	192	4.41e-06	37.7
7_40	5_40	34.848	66	40	2	97	160	231	295	4.64e-06	38.5
7_40	5_3	40.000	45	27	0	114	158	54	98	7.18e-06	37.7
7_40	5_42	32.143	56	37	1	105	160	75	129	1.15e-05	37.0
7_40	5_22	36.957	46	29	0	115	160	179	224	1.22e-04	33.9
7_40	5_19	36.000	50	29	1	111	160	181	227	1.33e-04	33.9
7_40	5_15	37.500	48	25	1	113	160	236	278	2.83e-04	32.7
7_40	5_30	33.824	68	39	2	93	160	181	242	3.38e-04	32.7
7_40	5_56	34.043	47	31	0	114	160	172	218	4.04e-04	32.3
7_40	5_50	39.535	43	26	0	118	160	152	194	4.34e-04	32.0
7_40	5_26	30.882	68	42	2	104	170	303	366	8.61e-04	31.6
7_40	5_57	40.909	44	24	1	117	158	362	405	8.66e-04	31.6
7_40	5_24	44.444	45	25	0	116	160	298	342	0.001	31.2
7_42	5_32	65.854	123	24	2	68	172	169	291	3.78e-47	155
7_42	5_49	58.537	82	30	2	77	154	323	404	1.35e-25	98.2
7_42	5_4	54.839	62	28	0	77	138	191	252	4.68e-18	75.5
7_42	5_38	48.214	56	29	0	80	135	241	296	8.90e-14	62.8
7_42	5_36	48.214	56	29	0	80	135	64	119	9.03e-13	57.0
7_42	5_22	41.333	75	41	1	74	148	177	248	1.74e-12	58.9
7_42	5_42	40.000	60	36	0	79	138	87	146	1.08e-10	53.1
7_42	5_12	43.636	55	31	0	78	132	48	102	1.58e-10	49.7
7_42	5_61	31.132	106	65	2	42	139	113	218	1.67e-10	52.0
7_42	5_40	38.333	60	37	0	76	135	250	309	2.27e-10	52.4
7_42	5_62	35.443	79	51	0	57	135	639	717	3.30e-10	52.4
7_42	5_3	32.099	81	55	0	59	139	38	118	4.80e-10	51.2
7_42	5_31	43.103	58	33	0	78	135	266	323	5.24e-10	51.2
7_42	5_1	33.333	108	52	3	36	136	275	369	6.70e-10	51.2
7_42	5_2	36.066	61	39	0	79	139	164	224	3.23e-09	48.9
7_42	5_44	40.984	61	36	0	79	139	239	299	3.37e-09	48.9
7_42	5_65	29.221	154	88	5	78	225	29	167	4.53e-09	48.9
7_42	5_65	33.333	54	36	0	82	135	274	327	6.33e-05	35.8
7_42	5_19	34.848	66	43	0	75	140	181	246	5.82e-09	47.8
7_42	5_48	32.895	76	51	0	62	137	190	265	6.36e-09	47.8
7_42	5_34	35.593	59	38	0	82	140	224	282	8.02e-09	47.4
7_42	5_30	36.923	65	41	0	73	137	194	258	1.53e-08	46.6
7_42	5_26	38.596	57	34	1	80	135	318	374	2.26e-08	46.2
7_42	5_56	31.944	72	42	1	64	135	168	232	1.80e-07	43.1
7_42	5_29	36.508	63	40	0	79	141	129	191	3.09e-07	43.1
7_42	5_47	33.824	68	42	1	79	143	178	245	3.31e-07	43.1
7_42	5_21	34.426	61	40	0	79	139	232	292	3.56e-07	42.7
7_42	5_67	33.871	62	41	0	79	140	197	258	4.41e-07	42.0
7_42	5_8	35.593	59	38	0	79	137	145	203	5.55e-07	41.2
7_42	5_17	38.571	70	39	2	70	135	191	260	6.48e-07	41.6
7_42	5_43	32.787	61	41	0	79	139	177	237	1.33e-06	40.8
7_42	5_54	36.842	57	36	0	79	135	172	228	1.50e-06	40.4
7_42	5_68	33.871	62	41	0	79	140	225	286	3.64e-06	39.3
7_42	5_0	34.483	58	38	0	76	133	103	160	4.53e-06	38.1
7_42	5_39	33.333	69	43	1	70	135	83	151	4.57e-06	38.9
7_42	5_15	50.000	32	16	0	108	139	265	296	7.38e-06	38.5
7_42	5_41	32.353	68	43	1	79	143	199	266	8.31e-06	38.1
7_42	5_18	37.288	59	33	2	79	135	242	298	8.47e-06	38.5
7_42	5_50	30.000	60	42	0	79	138	152	211	1.47e-05	37.4
7_42	5_33	29.825	57	40	0	79	135	197	253	1.71e-05	37.4
7_42	5_13	27.368	95	56	2	82	176	146	227	3.89e-05	35.8
7_42	5_37	29.114	79	51	3	90	168	179	252	5.32e-05	35.8
7_42	5_9	27.551	98	69	1	50	147	10	105	7.04e-05	35.0
7_42	5_24	33.333	57	38	0	79	135	300	356	8.65e-05	35.0
7_42	5_11	31.579	57	39	0	79	135	265	321	9.93e-05	35.0
7_42	5_57	30.189	53	35	1	79	129	363	415	1.05e-04	35.0
7_42	5_20	31.915	47	32	0	88	134	38	84	2.61e-04	33.1
7_42	5_25	33.333	54	36	0	90	143	52	105	2.64e-04	33.5
7_42	5_45	30.000	60	42	0	82	141	59	118	4.51e-04	33.1
7_42	5_53	39.286	56	31	1	122	177	6	58	4.54e-04	32.3
7_42	5_28	30.508	59	41	0	77	135	1052	1110	4.60e-04	33.1
7_42	5_60	31.250	64	43	1	79	141	455	518	5.37e-04	32.7
7_42	5_7	70.588	17	5	0	122	138	12	28	6.14e-04	32.0
7_42	5_35	45.946	37	17	1	109	142	1	37	0.001	31.6
7_43	5_22	69.565	46	14	0	392	437	181	226	2.45e-16	72.8
7_43	5_36	50.000	50	25	0	388	437	58	107	8.40e-14	60.8
7_43	5_3	54.348	46	21	0	392	437	57	102	1.52e-12	60.1
7_43	5_42	46.667	45	24	0	393	437	87	131	9.18e-11	55.1
7_43	5_25	48.780	41	21	0	397	437	45	85	2.21e-07	44.3
7_43	5_40	38.554	83	41	3	385	457	240	322	8.89e-07	42.7
7_43	5_49	41.026	78	40	3	362	437	298	371	4.48e-06	40.8
7_43	5_47	28.689	122	64	6	365	468	152	268	3.89e-05	37.7
7_43	5_48	42.222	45	26	0	393	437	207	251	5.68e-05	37.0
7_43	5_43	36.765	68	38	2	371	437	158	221	6.56e-04	33.5
7_43	5_11	32.857	70	47	0	368	437	240	309	7.29e-04	33.5
7_43	5_31	35.417	48	31	0	390	437	264	311	8.48e-04	33.1
7_44	5_20	74.444	90	23	0	96	185	1	90	3.82e-48	149
7_44	5_27	43.860	57	29	1	124	177	105	161	1.34e-10	51.2
7_44	5_52	31.132	106	50	3	95	177	185	290	5.57e-09	46.6
7_44	5_28	41.667	48	28	0	130	177	1060	1107	1.09e-07	43.1
7_44	5_63	46.512	43	20	1	138	177	260	302	1.62e-07	42.4
7_44	5_38	34.000	50	33	0	130	179	246	295	8.15e-07	40.0
7_44	5_62	42.000	50	29	0	130	179	667	716	1.71e-06	39.3
7_44	5_58	40.909	44	23	1	137	177	320	363	2.77e-06	38.5
7_44	5_2	36.842	76	36	3	105	177	151	217	8.12e-06	37.0
7_44	5_37	37.500	56	31	2	125	177	167	221	2.70e-05	35.4
7_44	5_3	33.962	53	34	1	125	177	60	111	2.43e-04	32.3
7_44	5_23	38.636	44	24	1	137	177	93	136	2.82e-04	32.3
7_44	5_22	36.735	49	31	0	129	177	187	235	3.18e-04	32.3
7_44	5_49	32.000	50	34	0	130	179	333	382	3.48e-04	32.3
7_44	5_43	36.000	50	27	1	132	181	190	234	3.99e-04	32.0
7_44	5_18	37.500	40	25	0	138	177	256	295	4.95e-04	31.6
7_44	5_36	32.394	71	38	2	115	177	48	116	5.48e-04	30.8
7_45	5_62	36.170	658	281	18	417	1051	549	1090	2.54e-93	317
7_45	5_62	68.944	161	50	0	108	268	192	352	3.80e-69	245
7_45	5_62	57.692	78	30	1	968	1042	261	338	3.70e-22	94.7
7_45	5_62	57.143	77	30	1	178	254	1008	1081	6.89e-22	94.0
7_45	5_62	32.099	81	52	2	964	1042	200	279	0.001	34.7
7_45	5_32	40.541	74	42	1	515	588	165	236	8.43e-12	60.1
7_45	5_65	34.921	63	41	0	533	595	31	93	7.63e-11	57.8
7_45	5_65	33.333	60	40	0	535	594	274	333	2.42e-07	46.6
7_45	5_12	41.509	53	31	0	533	585	50	102	8.26e-11	52.4
7_45	5_31	38.983	59	36	0	530	588	265	323	1.13e-10	56.6
7_45	5_38	25.806	155	102	4	469	619	173	318	3.61e-10	55.1
7_45	5_49	40.741	54	32	0	535	588	330	383	4.87e-10	54.7
7_45	5_4	33.766	77	41	1	533	609	194	260	1.48e-08	49.7
7_45	5_36	36.667	60	38	0	530	589	61	120	4.41e-06	39.7
7_45	5_47	26.852	108	71	3	490	594	138	240	5.37e-06	42.0
7_45	5_22	35.000	60	39	0	530	589	180	239	1.78e-05	40.0
7_45	5_59	50.000	28	14	0	561	588	2	29	2.49e-05	38.9
7_45	5_29	33.333	60	34	2	533	589	130	186	5.62e-05	38.5
7_45	5_50	29.231	65	46	0	527	591	147	211	6.68e-05	37.7
7_45	5_19	27.586	58	42	0	533	590	186	243	6.97e-05	37.7
7_45	5_42	25.000	80	59	1	513	591	67	146	1.84e-04	36.6
7_45	5_2	28.049	82	58	1	514	594	145	226	2.10e-04	36.6
7_45	5_8	31.667	60	35	2	533	589	146	202	2.32e-04	35.4
7_45	5_34	26.667	75	55	0	535	609	224	298	2.82e-04	35.8
7_45	5_56	28.070	57	41	0	533	589	177	233	4.18e-04	35.4
7_45	5_40	28.571	56	40	0	533	588	254	309	7.28e-04	34.7
7_45	5_54	22.388	67	52	0	527	593	167	233	7.29e-04	34.3
7_45	5_25	38.462	39	24	0	543	581	52	90	8.02e-04	34.3
7_45	5_20	30.488	82	55	2	545	624	42	123	8.02e-04	33.9
7_45	5_1	23.729	59	45	0	530	588	310	368	8.09e-04	34.7
7_45	5_3	26.562	64	47	0	530	593	56	119	0.001	34.3
7_46	5_39	69.811	159	38	3	42	193	83	238	4.46e-74	217
7_46	5_17	50.000	92	45	1	28	119	177	267	6.06e-25	92.0
7_46	5_33	55.844	77	30	2	50	126	193	265	6.43e-22	84.7
7_46	5_41	35.088	171	97	4	5	171	145	305	2.45e-21	82.0
7_46	5_30	44.118	102	47	2	20	111	155	256	2.52e-20	79.0
7_46	5_48	47.436	78	40	1	37	114	190	266	2.17e-19	76.6
7_46	5_44	56.667	60	26	0	52	111	236	295	3.17e-19	76.6
7_46	5_61	59.322	59	24	0	53	111	156	214	4.95e-19	74.3
7_46	5_2	46.341	82	37	1	37	111	139	220	5.98e-19	75.9
7_46	5_11	36.522	115	62	2	33	136	232	346	1.26e-18	74.7
7_46	5_24	45.455	110	52	4	53	162	298	399	1.48e-18	74.7
7_46	5_29	57.377	61	26	0	53	113	127	187	3.51e-18	73.9
7_46	5_18	58.333	60	25	0	52	111	239	298	8.11e-18	72.8
7_46	5_42	35.789	95	59	1	52	144	84	178	2.33e-17	70.9
7_46	5_8	56.897	58	25	0	55	112	145	202	4.13e-17	68.6
7_46	5_22	36.667	90	56	1	52	141	179	267	9.69e-17	69.7
7_46	5_13	50.769	65	31	1	47	110	134	198	2.16e-16	67.8
7_46	5_21	48.438	64	33	0	49	112	226	289	2.36e-16	68.2
7_46	5_36	45.902	61	33	0	52	112	60	120	4.25e-16	64.7
7_46	5_40	33.043	115	72	2	14	123	211	325	5.18e-16	67.4
7_46	5_15	52.632	57	27	0	55	111	236	292	6.32e-16	67.0
7_46	5_43	43.590	78	44	0	55	132	177	254	6.72e-16	67.0
7_46	5_34	51.667	60	29	0	53	112	219	278	1.08e-15	66.2
7_46	5_47	47.143	70	36	1	45	113	167	236	2.68e-15	65.5
7_46	5_19	46.875	64	34	0	49	112	179	242	2.23e-14	62.4
7_46	5_67	39.535	86	50	1	28	111	168	253	3.26e-14	61.6
7_46	5_68	44.828	58	32	0	55	112	225	282	4.07e-14	61.6
7_46	5_3	42.623	61	35	0	52	112	55	115	6.26e-14	60.8
7_46	5_56	40.984	61	36	0	55	115	176	236	2.02e-13	59.7
7_46	5_50	40.984	61	36	0	55	115	152	212	4.52e-13	58.2
7_46	5_9	44.776	67	33	1	45	111	31	93	6.10e-13	57.8
7_46	5_54	35.870	92	50	1	40	122	148	239	8.23e-13	57.4
7_46	5_57	39.623	53	30	1	55	105	363	415	7.84e-09	46.6
7_46	5_65	36.842	57	36	0	55	111	271	327	1.15e-08	46.2
7_46	5_26	33.871	62	40	1	56	116	318	379	1.85e-08	45.1
7_46	5_60	37.288	59	37	0	53	111	453	511	4.72e-08	44.3
7_46	5_45	29.412	136	82	5	37	171	38	160	7.11e-08	43.5
7_46	5_7	50.000	40	19	1	87	125	1	40	8.42e-08	42.4
7_46	5_31	27.957	93	61	3	24	112	234	324	9.60e-08	43.1
7_46	5_14	45.000	40	22	0	55	94	269	308	1.40e-06	39.7
7_46	5_4	30.769	78	53	1	34	111	173	249	3.05e-06	38.5
7_46	5_35	50.000	26	13	0	87	112	3	28	3.53e-06	38.1
7_46	5_52	29.851	67	44	1	55	118	234	300	1.34e-05	36.6
7_46	5_20	33.333	48	32	0	61	108	35	82	1.98e-05	35.8
7_46	5_32	29.825	57	40	0	55	111	180	236	2.47e-05	35.8
7_46	5_16	44.118	34	19	0	55	88	166	199	2.54e-05	35.4
7_46	5_1	35.593	59	38	0	55	113	312	370	3.66e-05	35.4
7_46	5_38	25.714	70	51	1	53	122	238	306	4.56e-05	35.0
7_46	5_28	31.746	63	43	0	54	116	1053	1115	6.58e-05	34.7
7_46	5_49	31.579	57	39	0	55	111	327	383	7.94e-05	34.3
7_46	5_55	28.571	77	48	1	32	108	430	499	1.10e-04	33.9
7_46	5_25	30.435	46	32	0	59	104	45	90	1.22e-04	33.5
7_46	5_53	45.000	20	11	0	93	112	1	20	1.76e-04	32.7
7_47	5_22	62.295	61	23	0	122	182	169	229	9.80e-20	82.8
7_47	5_42	37.500	128	73	3	108	232	59	182	2.13e-17	74.7
7_47	5_36	57.692	52	22	0	131	182	59	110	1.55e-16	68.6
7_47	5_3	42.683	82	37	2	101	182	34	105	5.76e-14	63.9
7_47	5_39	32.184	87	52	1	96	182	63	142	9.54e-08	45.1
7_47	5_48	38.462	65	37	1	121	182	190	254	1.26e-07	45.1
7_47	5_2	34.848	66	40	1	120	182	146	211	1.41e-07	45.1
7_47	5_30	40.741	54	32	0	129	182	194	247	9.81e-07	42.0
7_47	5_61	40.323	62	37	0	121	182	144	205	1.47e-06	41.2
7_47	5_44	43.137	51	29	0	132	182	236	286	2.90e-06	40.8
7_47	5_25	44.068	59	33	0	124	182	30	88	2.95e-06	40.8
7_47	5_21	36.923	65	38	1	121	182	215	279	3.50e-06	40.4
7_47	5_17	40.323	62	37	0	121	182	190	251	1.06e-05	38.9
7_47	5_45	44.737	38	21	0	121	158	42	79	1.99e-05	38.5
7_47	5_19	36.232	69	39	1	114	182	169	232	4.13e-05	37.0
7_47	5_33	33.333	75	37	1	108	182	183	244	4.26e-05	37.4
7_47	5_43	38.000	50	31	0	133	182	175	224	4.43e-05	37.0
7_47	5_41	36.000	50	32	0	133	182	197	246	4.48e-05	37.0
7_47	5_50	36.000	50	32	0	133	182	150	199	6.50e-05	36.2
7_47	5_9	31.944	72	47	1	120	189	22	93	6.90e-05	36.2
7_47	5_32	33.333	66	38	1	123	182	162	227	7.69e-05	36.2
7_47	5_13	36.538	52	33	0	131	182	139	190	2.28e-04	34.7
7_47	5_11	32.857	70	40	1	120	182	243	312	2.35e-04	34.7
7_47	5_49	40.000	50	30	0	133	182	325	374	4.82e-04	33.9
7_47	5_47	27.928	111	55	2	74	182	138	225	6.33e-04	33.5
7_49	5_44	66.667	96	32	0	85	180	223	318	7.13e-40	141
7_49	5_39	57.143	63	27	0	98	160	92	154	4.10e-18	76.3
7_49	5_41	43.011	93	50	2	79	170	179	269	3.94e-17	74.7
7_49	5_40	56.140	57	25	0	101	157	253	309	5.22e-17	74.3
7_49	5_48	37.143	140	64	5	82	218	191	309	6.40e-17	73.9
7_49	5_11	52.055	73	34	1	98	170	263	334	4.25e-16	72.0
7_49	5_61	57.627	59	25	0	101	159	158	216	4.13e-15	67.0
7_49	5_30	46.575	73	39	0	99	171	198	270	6.77e-15	67.4
7_49	5_2	55.556	63	24	2	98	159	164	223	1.58e-14	67.0
7_49	5_29	57.627	59	25	0	100	158	128	186	2.79e-14	67.4
7_49	5_15	53.125	64	28	1	98	161	235	296	2.99e-14	65.9
7_49	5_34	46.154	78	41	1	99	175	219	296	6.93e-14	64.3
7_49	5_21	47.692	65	34	0	98	162	229	293	9.14e-14	64.7
7_49	5_19	52.459	61	29	0	101	161	185	245	1.16e-13	63.9
7_49	5_17	56.667	60	26	0	99	158	202	261	1.31e-13	63.9
7_49	5_33	50.820	61	30	0	99	159	195	255	1.76e-13	64.3
7_49	5_8	52.542	59	28	0	101	159	145	203	3.41e-13	60.8
7_49	5_47	50.000	66	30	1	101	163	178	243	3.97e-13	63.5
7_49	5_22	49.180	61	31	0	98	158	179	239	1.39e-12	61.2
7_49	5_9	44.444	72	38	1	90	161	28	97	1.55e-12	59.7
7_49	5_13	50.000	76	28	3	96	161	134	209	2.84e-12	58.9
7_49	5_43	42.857	63	36	0	101	163	177	239	3.11e-12	60.1
7_49	5_24	55.000	60	27	0	99	158	298	357	7.70e-12	58.9
7_49	5_50	49.123	57	29	0	101	157	152	208	1.08e-11	57.4
7_49	5_56	47.368	57	30	0	101	157	176	232	4.21e-11	55.8
7_49	5_54	37.500	88	48	1	91	171	162	249	7.55e-11	54.7
7_49	5_67	36.364	88	47	2	101	182	197	281	1.13e-10	54.7
7_49	5_3	42.857	63	35	1	98	159	55	117	1.41e-10	54.3
7_49	5_42	43.939	66	34	1	98	163	84	146	2.93e-10	53.5
7_49	5_26	49.123	57	28	1	102	157	318	374	1.40e-09	51.6
7_49	5_68	47.368	57	30	0	101	157	225	281	1.45e-09	51.2
7_49	5_31	37.500	72	42	1	89	157	252	323	2.43e-09	50.8
7_49	5_36	43.750	64	36	0	96	159	58	121	3.06e-09	47.8
7_49	5_45	35.802	81	46	1	104	184	59	133	7.77e-09	49.7
7_49	5_18	43.750	64	32	2	96	157	237	298	1.32e-08	48.9
7_49	5_57	44.643	56	26	2	98	151	363	415	2.48e-08	48.1
7_49	5_32	40.351	57	34	0	101	157	180	236	1.97e-07	45.1
7_49	5_7	70.370	27	8	0	133	159	1	27	5.39e-07	42.0
7_49	5_4	30.000	80	53	1	98	174	190	269	2.61e-06	41.2
7_49	5_60	42.105	57	32	1	96	152	451	506	3.62e-06	41.2
7_49	5_20	34.848	66	34	1	115	180	43	99	4.97e-06	39.7
7_49	5_49	50.000	30	15	0	130	159	356	385	8.09e-06	40.0
7_49	5_1	54.839	31	14	0	128	158	339	369	7.00e-05	37.0
7_49	5_53	44.000	25	14	0	139	163	1	25	1.63e-04	34.7
7_49	5_37	32.258	93	44	3	121	195	188	279	2.08e-04	35.4
7_49	5_38	32.203	59	40	0	99	157	238	296	3.68e-04	34.7
