5_0	7_7	77.922	154	32	1	7	160	390	541	5.33e-82	248
5_0	7_0	38.926	149	88	1	10	158	341	486	1.64e-33	115
5_0	7_42	34.483	58	38	0	103	160	76	133	2.97e-06	37.7
5_0	7_25	38.889	54	33	0	106	159	97	150	1.47e-05	35.0
5_0	7_27	37.500	56	35	0	104	159	26	81	2.63e-05	34.3
5_0	7_12	32.759	58	39	0	102	159	88	145	5.53e-05	33.5
5_0	7_49	31.481	54	37	0	106	159	101	154	6.33e-05	33.9
5_0	7_6	28.571	56	40	0	104	159	49	104	1.82e-04	32.7
5_0	7_21	30.159	63	44	0	97	159	296	358	2.34e-04	32.3
5_0	7_18	35.714	56	36	0	104	159	100	155	6.64e-04	30.4
5_1	7_7	64.497	169	54	3	219	381	390	558	7.21e-71	231
5_1	7_0	43.151	146	80	2	225	367	344	489	2.69e-35	129
5_1	7_42	40.984	61	36	0	309	369	76	136	6.29e-08	45.4
5_1	7_34	30.579	121	66	3	291	393	121	241	1.60e-07	44.3
5_1	7_12	33.019	106	58	3	309	413	89	182	2.67e-07	43.1
5_1	7_31	35.088	57	37	0	312	368	54	110	2.32e-06	40.4
5_1	7_21	36.364	66	41	1	307	371	300	365	3.29e-06	40.8
5_1	7_32	28.324	173	89	7	288	457	59	199	3.74e-06	40.4
5_1	7_27	39.062	64	38	1	311	373	26	89	3.93e-06	38.5
5_1	7_25	35.385	65	38	2	307	370	94	155	4.27e-06	38.9
5_1	7_49	42.623	61	34	1	310	369	98	158	8.35e-06	39.3
5_1	7_45	24.444	135	95	4	310	441	530	660	4.80e-05	37.0
5_1	7_46	35.593	59	38	0	312	370	55	113	7.37e-05	35.4
5_1	7_6	32.203	59	40	0	310	368	49	107	1.15e-04	35.8
5_1	7_36	35.185	54	35	0	315	368	2	55	1.79e-04	34.3
5_1	7_26	46.875	32	17	0	337	368	108	139	2.23e-04	33.9
5_1	7_5	40.909	44	26	0	326	369	330	373	3.57e-04	33.9
5_1	7_1	40.000	45	27	0	324	368	465	509	3.74e-04	34.3
5_1	7_14	32.500	80	49	3	294	370	178	255	0.001	32.7
5_2	7_39	52.709	203	55	9	9	206	2	168	1.48e-48	156
5_2	7_40	51.232	203	50	8	9	206	2	160	4.32e-48	155
5_2	7_12	39.568	139	62	4	159	290	87	210	8.42e-21	82.0
5_2	7_46	46.341	82	37	1	139	220	37	111	8.77e-19	75.9
5_2	7_34	38.017	121	58	4	140	248	123	238	1.85e-18	76.6
5_2	7_27	52.542	59	28	0	162	220	26	84	2.64e-17	70.5
5_2	7_37	46.875	64	34	0	156	219	61	124	2.70e-16	68.9
5_2	7_49	37.931	87	54	0	161	247	98	184	3.10e-16	71.6
5_2	7_31	36.508	126	68	5	139	258	27	146	6.23e-16	69.3
5_2	7_26	55.556	54	24	0	169	222	88	141	1.49e-15	67.0
5_2	7_30	37.000	100	48	2	158	257	74	158	4.30e-15	65.5
5_2	7_5	42.353	85	41	3	170	252	322	400	4.71e-15	67.4
5_2	7_18	48.438	64	33	0	161	224	99	162	1.19e-14	64.3
5_2	7_3	41.429	70	37	1	164	233	108	173	5.38e-14	62.0
5_2	7_4	39.726	73	44	0	149	221	220	292	7.16e-14	63.2
5_2	7_21	32.039	103	52	2	118	220	277	361	4.52e-13	61.6
5_2	7_32	41.667	60	35	0	161	220	73	132	6.67e-13	60.8
5_2	7_25	46.032	63	31	1	159	221	95	154	1.09e-12	57.8
5_2	7_38	52.083	48	23	0	174	221	24	71	3.77e-11	55.5
5_2	7_6	36.364	66	42	0	158	223	45	110	6.15e-11	55.5
5_2	7_1	42.553	47	27	0	174	220	463	509	8.66e-09	48.5
5_2	7_47	34.848	66	40	1	146	211	120	182	1.29e-07	44.7
5_2	7_42	36.667	60	38	0	164	223	79	138	1.76e-07	43.5
5_2	7_28	39.583	48	29	0	161	208	193	240	8.84e-07	42.0
5_2	7_0	32.258	62	42	0	162	223	432	493	1.28e-06	41.2
5_2	7_11	39.623	53	31	1	168	220	771	822	1.67e-06	41.2
5_2	7_7	33.871	62	40	1	160	221	484	544	2.79e-06	40.4
5_2	7_45	24.390	164	99	4	145	294	514	666	3.95e-06	40.0
5_2	7_35	35.897	39	25	0	182	220	17	55	4.05e-06	38.9
5_2	7_19	25.581	129	84	3	162	278	74	202	2.30e-05	36.6
5_2	7_36	46.875	32	16	1	195	225	30	61	3.87e-05	35.8
5_2	7_14	27.835	97	61	3	154	246	186	277	1.03e-04	35.4
5_2	7_2	36.000	50	32	0	159	208	128	177	2.56e-04	34.3
5_2	7_44	36.111	72	34	3	151	213	105	173	4.05e-04	32.7
5_2	7_22	27.632	76	40	2	164	224	94	169	6.37e-04	32.3
5_3	7_32	51.948	77	37	0	42	118	60	136	5.42e-23	89.7
5_3	7_21	56.923	65	28	0	52	116	299	363	4.37e-20	81.6
5_3	7_6	49.231	65	33	0	55	119	48	112	8.99e-20	80.9
5_3	7_12	30.435	161	87	3	5	148	27	179	1.33e-16	69.3
5_3	7_1	54.902	51	23	0	68	118	463	513	3.29e-15	67.0
5_3	7_18	40.964	83	48	1	55	136	99	181	1.59e-14	63.2
5_3	7_35	29.487	156	84	4	76	214	17	163	1.93e-14	63.2
5_3	7_47	42.683	82	37	2	34	105	101	182	4.92e-14	63.5
5_3	7_46	42.623	61	35	0	55	115	52	112	7.87e-14	60.8
5_3	7_28	54.717	53	23	1	51	102	188	240	1.50e-12	58.9
5_3	7_43	54.348	46	21	0	57	102	392	437	2.14e-12	58.5
5_3	7_31	39.091	110	56	5	58	167	54	152	5.88e-12	56.6
5_3	7_5	47.059	51	27	0	64	114	322	372	7.86e-12	56.6
5_3	7_49	41.667	60	35	0	55	114	98	157	2.13e-11	55.5
5_3	7_34	35.398	113	65	4	46	151	130	241	3.37e-11	54.3
5_3	7_2	41.071	56	33	0	47	102	122	177	5.85e-11	54.3
5_3	7_19	33.333	78	52	0	56	133	74	151	8.71e-11	52.4
5_3	7_4	36.620	71	45	0	52	122	229	299	1.67e-10	52.4
5_3	7_3	38.028	71	44	0	52	122	102	172	2.35e-10	50.8
5_3	7_27	37.288	59	37	0	56	114	26	84	3.64e-10	49.7
5_3	7_26	35.644	101	60	2	17	115	43	140	5.64e-10	50.1
5_3	7_37	34.848	66	42	1	55	119	66	131	5.19e-09	47.0
5_3	7_42	32.099	81	55	0	38	118	59	139	7.21e-09	47.4
5_3	7_25	40.351	57	34	0	58	114	97	153	8.97e-09	45.8
5_3	7_38	36.842	57	36	0	61	117	17	73	1.81e-08	46.2
5_3	7_22	35.294	85	37	2	48	114	81	165	3.18e-08	45.1
5_3	7_36	37.037	54	34	0	61	114	2	55	3.67e-08	44.3
5_3	7_0	33.333	75	49	1	39	113	416	489	6.05e-08	45.1
5_3	7_7	32.500	80	42	4	56	132	485	555	8.41e-07	41.6
5_3	7_30	35.938	64	35	1	56	119	78	135	2.81e-06	38.9
5_3	7_29	33.333	51	34	0	59	109	120	170	3.29e-06	38.5
5_3	7_40	40.000	45	27	0	54	98	114	158	8.06e-06	37.7
5_3	7_39	40.000	45	27	0	54	98	122	166	8.21e-06	37.7
5_3	7_16	29.231	65	46	0	52	116	1012	1076	5.08e-05	35.8
5_3	7_15	29.231	65	46	0	52	116	994	1058	5.54e-05	35.8
5_3	7_14	26.389	72	53	0	46	117	182	253	1.07e-04	34.7
5_3	7_17	45.455	33	18	0	49	81	34	66	1.13e-04	34.7
5_3	7_45	24.742	97	62	1	56	152	530	615	3.75e-04	33.1
5_3	7_11	64.706	17	6	0	100	116	808	824	4.51e-04	33.1
5_4	7_42	36.641	131	64	3	191	321	77	188	3.83e-18	75.9
5_4	7_29	27.273	176	80	3	111	244	1	170	7.47e-17	70.5
5_4	7_19	35.821	134	79	3	182	314	65	192	2.87e-14	63.5
5_4	7_4	42.373	59	34	0	193	251	235	293	6.05e-11	54.7
5_4	7_36	41.270	63	37	0	196	258	2	64	2.59e-10	51.6
5_4	7_6	32.558	129	76	4	193	319	51	170	1.17e-09	51.6
5_4	7_45	33.333	84	46	1	187	260	526	609	5.36e-09	49.3
5_4	7_15	35.593	59	38	0	191	249	998	1056	5.71e-09	49.3
5_4	7_16	35.593	59	38	0	191	249	1016	1074	5.82e-09	49.3
5_4	7_49	29.808	104	60	1	190	293	98	188	2.10e-08	47.4
5_4	7_21	44.444	63	35	0	187	249	299	361	2.49e-08	47.0
5_4	7_3	38.806	67	33	2	187	249	102	164	2.98e-08	45.4
5_4	7_7	35.632	87	55	1	165	250	458	544	5.47e-08	46.2
5_4	7_32	34.722	72	47	0	178	249	61	132	5.01e-07	42.7
5_4	7_1	28.829	111	73	2	199	309	459	563	7.18e-07	42.4
5_4	7_37	26.852	108	71	2	196	303	72	171	1.76e-06	40.0
5_4	7_46	30.769	78	53	1	173	249	34	111	5.69e-06	38.5
5_4	7_34	32.836	67	41	1	193	259	143	205	3.63e-05	36.6
5_4	7_12	34.483	58	38	0	192	249	91	148	3.95e-05	36.2
5_4	7_31	35.088	57	37	0	193	249	54	110	9.35e-05	35.4
5_4	7_26	30.769	52	36	0	198	249	88	139	9.54e-05	35.0
5_4	7_14	26.000	100	71	2	200	297	201	299	1.28e-04	35.4
5_4	7_20	37.143	35	22	0	210	244	93	127	1.69e-04	34.3
5_4	7_35	30.000	90	55	3	222	307	28	113	1.71e-04	34.3
5_4	7_27	30.864	81	50	2	187	265	20	96	1.76e-04	33.5
5_4	7_25	34.694	49	32	0	219	267	123	171	1.98e-04	33.5
5_4	7_18	31.667	60	41	0	190	249	99	158	3.10e-04	33.5
5_4	7_13	26.214	103	72	2	200	298	26	128	5.59e-04	33.1
5_4	7_22	27.632	76	40	2	192	252	93	168	7.00e-04	32.3
5_5	7_14	51.875	160	62	7	54	211	88	234	1.19e-42	143
5_5	7_13	80.357	56	9	1	156	211	6	59	3.76e-26	96.7
5_5	7_24	53.333	30	14	0	182	211	5	34	7.91e-06	37.0
5_6	7_14	53.012	83	34	2	1	81	232	311	4.17e-18	77.4
5_6	7_13	75.610	41	10	0	1	41	57	97	1.38e-15	69.3
5_6	7_10	68.750	48	15	0	1	48	8	55	6.57e-13	60.8
5_6	7_24	88.889	18	2	0	1	18	32	49	3.41e-06	39.7
5_7	7_26	80.000	25	5	0	1	25	115	139	1.61e-10	50.1
5_7	7_5	67.742	31	10	0	1	31	348	378	3.13e-10	50.1
5_7	7_12	65.714	35	11	1	1	35	124	157	3.60e-10	49.3
5_7	7_37	66.667	27	9	0	1	27	101	127	1.30e-08	44.7
5_7	7_34	64.286	28	10	0	1	28	175	202	2.97e-08	43.9
5_7	7_38	64.286	28	10	0	1	28	46	73	4.28e-08	43.5
5_7	7_49	40.385	52	31	0	1	52	133	184	5.59e-08	43.5
5_7	7_46	50.000	40	19	1	1	40	87	125	7.65e-08	42.4
5_7	7_25	64.000	25	9	0	1	25	129	153	2.59e-07	40.4
5_7	7_27	60.000	25	10	0	1	25	60	84	3.96e-07	39.7
5_7	7_1	28.571	56	40	0	1	56	485	540	1.77e-06	38.9
5_7	7_31	55.556	27	12	0	1	27	86	112	2.66e-06	38.1
5_7	7_3	57.692	26	11	0	1	26	140	165	5.59e-06	37.0
5_7	7_6	26.531	98	54	4	1	95	83	165	5.87e-06	37.7
5_7	7_35	37.143	35	22	0	7	41	37	71	8.50e-06	36.6
5_7	7_4	56.000	25	11	0	1	25	267	291	2.23e-05	35.4
5_7	7_11	60.870	23	9	0	5	27	802	824	2.73e-05	35.4
5_7	7_21	48.000	25	13	0	1	25	337	361	2.81e-05	35.4
5_7	7_32	52.632	19	9	0	7	25	114	132	3.25e-05	35.0
5_7	7_18	60.000	25	10	0	1	25	134	158	4.49e-05	34.3
5_8	7_31	79.104	67	14	0	140	206	49	115	1.97e-35	119
5_8	7_12	54.839	62	28	0	145	206	92	153	2.61e-17	69.7
5_8	7_46	56.897	58	25	0	145	202	55	112	3.10e-17	68.9
5_8	7_4	45.122	82	42	1	120	201	213	291	9.09e-15	63.5
5_8	7_49	52.542	59	28	0	145	203	101	159	9.44e-15	63.9
5_8	7_25	42.647	68	39	0	134	201	86	153	1.12e-14	61.6
5_8	7_34	30.405	148	97	3	57	203	59	201	5.83e-14	61.2
5_8	7_6	46.774	62	33	0	145	206	51	112	6.76e-14	61.6
5_8	7_27	45.455	55	30	0	148	202	31	85	1.51e-13	57.8
5_8	7_26	50.000	56	28	0	150	205	88	143	1.69e-13	58.9
5_8	7_37	50.980	51	25	0	148	198	72	122	2.22e-13	58.5
5_8	7_5	48.276	58	30	0	150	207	321	378	2.65e-13	59.7
5_8	7_18	45.588	68	36	1	134	201	92	158	3.26e-13	58.2
5_8	7_3	50.000	54	27	0	148	201	111	164	9.78e-13	56.6
5_8	7_21	41.772	79	45	1	125	202	284	362	2.42e-11	53.9
5_8	7_32	46.552	58	31	0	145	202	76	133	1.47e-10	51.6
5_8	7_30	47.368	57	24	1	145	201	80	130	2.40e-10	50.1
5_8	7_38	45.283	53	29	0	151	203	20	72	5.53e-09	47.0
5_8	7_1	48.936	47	24	0	155	201	463	509	1.03e-07	43.1
5_8	7_7	36.842	57	36	0	145	201	487	543	6.45e-07	40.8
5_8	7_40	37.037	54	30	1	143	192	116	169	3.21e-06	38.1
5_8	7_15	39.062	64	29	3	145	203	1000	1058	3.36e-06	38.9
5_8	7_16	39.062	64	29	3	145	203	1018	1076	3.37e-06	38.9
5_8	7_35	46.341	41	22	0	162	202	16	56	3.41e-06	38.1
5_8	7_39	37.037	54	30	1	143	192	124	177	3.95e-06	37.7
5_8	7_28	38.095	63	34	1	127	189	183	240	5.77e-06	37.7
5_8	7_42	35.714	56	36	0	148	203	82	137	1.03e-05	37.0
5_8	7_2	40.000	45	27	0	145	189	133	177	1.56e-05	36.6
5_8	7_0	28.767	73	49	1	128	200	420	489	1.86e-05	36.2
5_8	7_19	30.986	71	45	1	131	201	66	132	1.96e-05	35.8
5_8	7_45	31.667	60	35	2	146	202	533	589	3.98e-05	35.4
5_8	7_36	31.579	57	39	0	148	204	2	58	3.56e-04	32.0
5_8	7_43	41.818	55	30	1	135	189	385	437	3.58e-04	32.3
5_9	7_34	56.154	130	50	4	1	124	101	229	8.08e-44	142
5_9	7_27	50.000	66	33	0	32	97	23	88	4.65e-18	70.9
5_9	7_26	50.617	81	38	2	42	121	88	167	1.81e-17	70.9
5_9	7_18	48.485	66	33	1	33	97	97	162	1.83e-15	65.1
5_9	7_38	53.226	62	29	0	35	96	12	73	1.43e-14	64.3
5_9	7_49	44.444	72	38	1	28	97	90	161	3.39e-14	63.2
5_9	7_37	46.552	58	31	0	39	96	71	128	7.62e-14	60.8
5_9	7_12	42.045	88	51	0	6	93	61	148	1.45e-13	60.1
5_9	7_46	44.776	67	33	1	31	93	45	111	5.70e-13	58.2
5_9	7_31	40.984	61	36	0	35	95	52	112	6.76e-12	55.8
5_9	7_5	47.170	53	28	0	43	95	322	374	1.88e-11	55.1
5_9	7_4	41.270	63	37	0	31	93	229	291	7.44e-11	52.8
5_9	7_30	38.889	72	36	1	35	106	78	141	5.34e-10	49.7
5_9	7_25	35.211	71	44	1	23	93	85	153	1.50e-08	45.1
5_9	7_3	39.062	64	39	0	31	94	102	165	2.39e-08	44.7
5_9	7_32	32.099	81	55	0	24	104	63	143	2.53e-08	45.4
5_9	7_6	29.032	62	44	0	35	96	49	110	3.38e-08	45.4
5_9	7_21	33.824	68	45	0	31	98	299	366	3.39e-08	45.4
5_9	7_40	44.444	45	25	0	35	79	116	160	7.64e-07	40.4
5_9	7_39	44.444	45	25	0	35	79	124	168	7.66e-07	40.4
5_9	7_22	28.571	112	63	3	17	112	73	183	1.03e-06	40.0
5_9	7_19	32.812	64	43	0	34	97	73	136	2.99e-06	38.5
5_9	7_2	42.553	47	27	0	35	81	131	177	2.02e-05	37.0
5_9	7_1	44.186	43	24	0	51	93	467	509	3.15e-05	36.2
5_9	7_47	31.944	72	47	1	22	93	120	189	3.20e-05	36.2
5_9	7_7	29.545	88	56	1	6	93	462	543	3.56e-05	35.8
5_9	7_0	30.263	76	51	1	19	94	418	491	3.92e-05	35.8
5_9	7_14	40.816	49	25	1	45	93	206	250	4.27e-05	35.8
5_9	7_15	30.159	63	44	0	31	93	994	1056	5.64e-05	35.4
5_9	7_16	30.159	63	44	0	31	93	1012	1074	5.65e-05	35.4
5_9	7_13	40.816	49	25	1	45	93	31	75	6.99e-05	35.0
5_9	7_42	27.551	98	69	1	10	105	50	147	4.73e-04	32.3
5_9	7_10	52.000	25	12	0	69	93	2	26	7.69e-04	31.6
5_9	7_35	33.333	45	30	0	55	99	17	61	8.74e-04	31.2
5_10	7_20	30.204	245	119	4	6	248	10	204	1.38e-36	127
5_11	7_34	51.515	99	42	2	263	357	141	237	6.42e-28	103
5_11	7_27	33.636	110	71	1	262	371	25	132	5.08e-20	78.2
5_11	7_26	53.165	79	34	2	270	345	88	166	9.60e-20	79.0
5_11	7_46	36.522	115	62	2	232	346	33	136	2.16e-18	74.7
5_11	7_12	41.071	112	52	4	223	322	40	149	6.21e-18	73.9
5_11	7_18	46.154	91	40	3	262	344	98	187	8.60e-18	73.6
5_11	7_49	50.000	72	36	0	263	334	99	170	1.14e-17	76.3
5_11	7_31	50.000	60	30	0	265	324	54	113	1.93e-16	70.9
5_11	7_37	42.105	76	41	2	260	334	63	136	5.17e-14	62.8
5_11	7_5	57.692	52	22	0	270	321	321	372	5.26e-14	64.3
5_11	7_4	50.820	61	30	0	261	321	231	291	7.83e-14	63.5
5_11	7_38	47.541	61	32	0	263	323	12	72	2.84e-13	62.4
5_11	7_30	38.824	85	44	2	253	335	68	146	1.71e-12	58.2
5_11	7_25	42.254	71	37	2	257	327	91	157	1.26e-11	54.7
5_11	7_3	42.466	73	37	1	254	321	92	164	8.90e-11	52.8
5_11	7_6	40.984	61	36	0	263	323	49	109	8.77e-10	52.0
5_11	7_32	39.706	68	40	1	261	328	72	138	1.78e-09	50.4
5_11	7_21	33.824	68	45	0	263	330	303	370	5.09e-09	49.3
5_11	7_40	42.222	45	26	0	263	307	116	160	7.86e-08	44.3
5_11	7_39	42.222	45	26	0	263	307	124	168	8.88e-08	44.3
5_11	7_19	33.784	74	48	1	262	334	73	146	3.19e-07	42.4
5_11	7_7	29.268	82	57	1	241	321	462	543	4.31e-07	43.1
5_11	7_1	38.596	57	32	1	275	331	463	516	2.22e-05	37.7
5_11	7_11	33.333	48	27	1	301	348	802	844	5.66e-05	36.6
5_11	7_43	32.857	70	47	0	240	309	368	437	6.19e-05	36.2
5_11	7_47	32.857	70	40	1	243	312	120	182	2.02e-04	34.7
5_11	7_36	29.508	61	43	0	268	328	2	62	2.67e-04	33.5
5_11	7_0	30.159	63	43	1	259	320	427	489	3.61e-04	33.9
5_11	7_17	38.000	50	30	1	246	294	23	72	7.90e-04	32.7
5_11	7_2	40.426	47	28	0	263	309	131	177	8.27e-04	32.7
5_12	7_19	44.444	54	30	0	49	102	76	129	4.62e-12	52.0
5_12	7_45	41.509	53	31	0	50	102	533	585	7.33e-12	52.0
5_12	7_42	43.636	55	31	0	48	102	78	132	5.29e-10	46.6
5_12	7_36	43.137	51	29	0	52	102	2	52	7.84e-10	45.8
5_12	7_6	36.667	60	38	0	43	102	45	104	8.05e-10	46.2
5_12	7_21	43.396	53	30	0	50	102	306	358	4.55e-09	44.3
5_12	7_3	42.593	54	31	0	49	102	108	161	5.63e-08	40.4
5_12	7_31	39.655	58	31	3	47	102	52	107	3.66e-07	38.5
5_12	7_4	37.037	54	34	0	49	102	235	288	7.09e-07	37.7
5_12	7_18	26.263	99	65	2	8	102	61	155	8.11e-06	34.7
5_12	7_1	36.538	52	28	1	51	102	460	506	9.17e-06	34.7
5_12	7_29	31.429	70	47	1	32	100	101	170	1.08e-05	34.3
5_12	7_5	28.000	100	69	2	6	102	270	369	1.23e-05	34.3
5_12	7_32	31.746	63	43	0	40	102	67	129	1.73e-05	33.9
5_12	7_37	31.373	51	35	0	52	102	72	122	2.95e-05	33.1
5_12	7_35	50.000	30	15	0	73	102	23	52	5.97e-05	32.3
5_12	7_38	29.508	61	43	0	42	102	7	67	7.34e-05	32.0
5_12	7_34	25.000	100	72	1	6	102	97	196	1.49e-04	31.2
5_12	7_49	26.506	83	58	1	20	102	75	154	1.69e-04	31.2
5_13	7_37	75.439	57	14	0	146	202	72	128	6.43e-28	99.4
5_13	7_18	31.915	188	110	6	66	245	26	203	1.13e-18	74.3
5_13	7_34	42.857	77	39	1	139	215	139	210	2.28e-17	72.0
5_13	7_38	50.746	67	33	0	137	203	8	74	4.91e-17	72.0
5_13	7_27	56.716	67	25	2	138	202	25	89	1.07e-16	67.8
5_13	7_46	50.769	65	31	1	134	198	47	110	3.80e-16	67.0
5_13	7_26	49.123	57	29	0	148	204	88	144	2.21e-14	62.4
5_13	7_30	35.246	122	69	3	141	262	78	189	2.73e-14	62.4
5_13	7_12	41.935	62	32	1	137	198	90	147	3.07e-14	62.4
5_13	7_49	41.071	112	59	2	138	249	96	200	1.58e-13	61.6
5_13	7_6	35.354	99	55	2	140	234	48	141	9.77e-13	59.7
5_13	7_32	36.190	105	55	1	130	234	63	155	1.49e-12	58.5
5_13	7_21	38.667	75	44	1	132	206	296	368	4.64e-12	57.4
5_13	7_31	49.020	51	26	0	146	196	57	107	4.87e-12	56.6
5_13	7_25	37.500	72	45	0	146	217	100	171	1.65e-11	53.5
5_13	7_3	33.036	112	67	2	99	204	60	169	1.78e-11	53.9
5_13	7_5	45.283	53	29	0	149	201	322	374	2.62e-11	54.7
5_13	7_4	37.288	59	37	0	146	204	238	296	5.30e-11	53.5
5_13	7_1	44.898	49	27	0	153	201	463	511	5.30e-08	45.1
5_13	7_35	38.636	44	27	0	172	215	28	71	6.62e-08	43.9
5_13	7_40	33.766	77	38	1	122	185	84	160	7.66e-08	43.5
5_13	7_39	41.304	46	27	0	140	185	123	168	1.65e-07	42.7
5_13	7_19	37.662	77	42	2	138	214	73	143	1.66e-07	42.4
5_13	7_36	41.509	53	31	0	146	198	2	54	4.31e-07	41.2
5_13	7_11	25.926	54	36	1	156	209	783	832	3.48e-06	39.7
5_13	7_13	25.581	86	53	2	166	240	42	127	5.42e-05	35.4
5_13	7_47	36.538	52	33	0	139	190	131	182	1.99e-04	33.9
5_13	7_42	48.649	37	14	1	172	208	108	139	2.42e-04	33.1
5_13	7_29	43.333	30	14	1	169	195	142	171	4.66e-04	32.0
5_13	7_45	29.310	58	41	0	141	198	530	587	6.10e-04	32.3
5_13	7_9	33.333	51	27	1	166	209	934	984	8.64e-04	32.0
5_13	7_8	33.333	51	27	1	166	209	941	991	8.72e-04	32.0
5_14	7_31	35.088	57	37	0	251	307	36	92	2.94e-08	45.4
5_14	7_25	45.833	48	23	1	261	308	92	136	1.92e-07	42.0
5_14	7_27	45.238	42	23	0	267	308	26	67	7.45e-07	40.0
5_14	7_46	45.000	40	22	0	269	308	55	94	1.92e-06	39.7
5_14	7_12	42.500	40	23	0	269	308	92	131	2.35e-06	39.3
5_14	7_4	43.902	41	23	0	267	307	233	273	3.75e-06	39.3
5_14	7_5	51.429	35	17	0	274	308	321	355	5.50e-06	38.9
5_14	7_18	47.500	40	21	0	269	308	102	141	6.74e-06	38.1
5_14	7_34	33.333	42	28	0	267	308	141	182	3.97e-05	35.8
5_14	7_49	42.500	40	23	0	269	308	101	140	6.96e-05	35.4
5_14	7_3	45.238	42	23	0	267	308	106	147	2.89e-04	32.7
5_14	7_30	35.294	51	30	1	261	308	69	119	7.05e-04	32.0
5_15	7_38	90.278	72	7	0	224	295	2	73	4.08e-44	149
5_15	7_27	51.948	77	37	0	226	302	18	94	3.69e-20	78.2
5_15	7_34	51.562	64	31	0	233	296	140	203	2.43e-18	75.9
5_15	7_5	56.667	60	26	0	242	301	322	381	7.06e-18	75.9
5_15	7_18	50.000	66	33	0	233	298	99	164	4.36e-16	68.2
5_15	7_37	53.846	65	28	1	242	304	75	139	4.86e-16	68.2
5_15	7_46	52.632	57	27	0	236	292	55	111	1.39e-15	66.6
5_15	7_26	56.140	57	24	1	242	297	89	145	2.59e-15	65.9
5_15	7_12	54.902	51	23	0	242	292	98	148	5.55e-15	65.1
5_15	7_49	50.000	70	35	0	227	296	92	161	7.59e-15	67.0
5_15	7_3	38.462	78	41	2	221	292	88	164	5.70e-12	55.8
5_15	7_32	43.333	60	34	0	233	292	73	132	9.43e-12	57.0
5_15	7_31	46.429	56	30	0	242	297	60	115	1.15e-11	56.2
5_15	7_25	35.632	87	43	2	236	320	95	170	3.41e-11	53.1
5_15	7_6	34.722	72	47	0	233	304	48	119	6.42e-11	55.1
5_15	7_4	34.021	97	55	3	201	293	201	292	4.55e-10	51.6
5_15	7_21	44.118	68	35	2	232	298	300	365	4.92e-10	52.0
5_15	7_30	40.625	64	32	1	234	297	78	135	8.62e-10	50.1
5_15	7_1	46.939	49	26	0	244	292	461	509	2.32e-09	50.1
5_15	7_35	40.741	54	30	1	253	306	16	67	1.37e-07	43.5
5_15	7_36	53.846	39	13	2	263	296	23	61	3.70e-06	38.9
5_15	7_11	35.294	51	27	2	272	322	802	846	4.18e-06	40.0
5_15	7_7	28.571	70	50	0	225	294	476	545	3.45e-05	37.0
5_15	7_19	32.099	81	53	1	216	296	58	136	3.46e-05	36.2
5_15	7_14	26.966	89	42	4	264	339	222	300	4.63e-05	36.2
5_15	7_13	28.736	87	55	2	259	341	42	125	9.37e-05	35.4
5_15	7_42	50.000	32	16	0	265	296	108	139	1.16e-04	34.7
5_15	7_39	37.500	48	25	1	236	278	121	168	3.78e-04	33.1
5_15	7_40	37.500	48	25	1	236	278	113	160	3.81e-04	32.7
5_16	7_31	50.000	34	17	0	166	199	54	87	9.93e-07	39.7
5_16	7_4	50.000	36	18	0	164	199	233	268	1.93e-06	38.9
5_16	7_18	50.000	34	17	0	166	199	102	135	1.43e-05	35.8
5_16	7_46	44.118	34	19	0	166	199	55	88	1.83e-05	35.4
5_16	7_5	55.172	29	13	0	171	199	321	349	2.14e-05	35.8
5_16	7_3	47.368	38	20	0	162	199	104	141	2.68e-05	35.0
5_16	7_12	41.176	34	20	0	166	199	92	125	2.90e-05	35.0
5_16	7_27	54.545	22	10	0	169	190	31	52	3.29e-05	34.3
5_16	7_25	37.209	43	27	0	157	199	88	130	3.94e-05	34.3
5_16	7_49	44.118	34	19	0	166	199	101	134	1.88e-04	33.1
5_16	7_30	34.884	43	28	0	157	199	71	113	4.51e-04	31.6
5_17	7_12	59.788	189	55	8	161	332	39	223	3.67e-63	192
5_17	7_46	50.000	92	45	1	177	267	28	119	8.97e-25	92.0
5_17	7_34	42.718	103	54	2	163	261	99	200	3.41e-18	75.5
5_17	7_26	62.264	53	20	0	209	261	88	140	4.61e-18	73.6
5_17	7_5	57.895	57	24	0	209	265	321	377	3.80e-17	73.6
5_17	7_27	48.333	60	31	0	202	261	26	85	2.38e-16	67.4
5_17	7_49	56.667	60	26	0	202	261	99	158	1.22e-15	69.3
5_17	7_32	44.595	74	41	0	188	261	60	133	5.99e-15	67.0
5_17	7_31	37.705	122	58	3	204	319	54	163	8.40e-15	65.5
5_17	7_25	43.836	73	41	0	190	262	83	155	2.09e-14	62.4
5_17	7_6	46.875	64	34	0	202	265	49	112	9.07e-14	63.9
5_17	7_4	54.386	57	26	0	204	260	235	291	1.07e-13	62.4
5_17	7_18	50.847	59	29	0	202	260	100	158	1.11e-13	61.2
5_17	7_37	48.387	62	29	1	201	259	63	124	1.31e-13	61.2
5_17	7_21	44.286	70	38	1	205	273	306	375	1.56e-13	62.8
5_17	7_30	39.000	100	47	2	194	285	70	163	4.84e-13	59.3
5_17	7_3	45.714	70	38	0	191	260	95	164	8.71e-13	58.2
5_17	7_38	51.613	62	25	1	199	260	14	70	3.77e-12	58.2
5_17	7_11	39.130	69	29	2	206	261	755	823	1.07e-09	51.2
5_17	7_40	41.818	55	32	0	192	246	106	160	8.57e-08	43.9
5_17	7_39	41.818	55	32	0	192	246	114	168	1.15e-07	43.5
5_17	7_1	46.809	47	25	0	214	260	463	509	1.74e-07	43.9
5_17	7_28	35.088	114	63	4	137	248	136	240	1.89e-07	43.9
5_17	7_35	39.024	41	25	0	221	261	16	56	7.02e-07	41.2
5_17	7_7	37.363	91	51	1	173	263	462	546	1.04e-06	41.6
5_17	7_19	29.333	75	50	1	186	260	61	132	2.34e-06	39.7
5_17	7_47	40.323	62	37	0	190	251	121	182	8.36e-06	38.5
5_17	7_22	33.708	89	42	4	203	274	93	181	2.21e-05	37.0
5_17	7_0	32.836	67	45	0	193	259	423	489	2.85e-05	37.0
5_17	7_14	33.333	63	42	0	200	262	190	252	3.30e-05	37.0
5_17	7_42	41.892	74	31	5	191	260	70	135	3.78e-05	36.2
5_17	7_13	33.898	59	39	0	204	262	19	77	6.06e-05	35.8
5_17	7_17	45.000	40	22	0	195	234	34	73	4.09e-04	33.1
5_17	7_2	40.000	55	33	0	194	248	123	177	4.17e-04	33.5
5_17	7_10	48.148	27	14	0	236	262	2	28	8.95e-04	32.0
5_18	7_18	81.522	92	17	0	222	313	82	173	6.21e-49	160
5_18	7_27	47.000	100	47	3	232	326	19	117	9.49e-22	83.6
5_18	7_46	57.377	61	26	0	239	299	52	112	1.13e-17	73.6
5_18	7_34	48.333	60	31	0	239	298	140	199	1.69e-16	71.6
5_18	7_5	57.692	52	22	0	247	298	321	372	2.91e-13	62.8
5_18	7_12	45.763	59	32	0	240	298	90	148	5.41e-13	60.1
5_18	7_38	51.613	62	30	0	237	298	9	70	5.76e-13	62.0
5_18	7_26	42.188	64	34	1	247	310	88	148	1.96e-12	58.5
5_18	7_4	43.860	57	32	0	242	298	235	291	2.20e-12	59.7
5_18	7_30	42.169	83	39	2	240	319	78	154	2.59e-12	58.2
5_18	7_37	42.188	64	37	0	238	301	65	128	4.26e-12	57.4
5_18	7_31	48.276	58	30	0	242	299	54	111	5.48e-12	58.2
5_18	7_6	43.939	66	37	0	239	304	48	113	1.94e-11	57.8
5_18	7_49	39.024	82	50	0	237	318	96	177	3.67e-11	56.6
5_18	7_21	39.726	73	42	1	228	298	289	361	4.87e-11	56.2
5_18	7_3	46.296	54	29	0	245	298	111	164	2.29e-10	52.0
5_18	7_25	44.118	68	38	0	240	307	95	162	2.30e-10	51.6
5_18	7_32	41.935	62	36	0	239	300	73	134	2.77e-10	53.5
5_18	7_19	31.507	73	48	1	234	306	70	140	1.24e-06	41.2
5_18	7_40	41.304	46	27	0	239	284	115	160	1.49e-06	40.8
5_18	7_39	41.304	46	27	0	239	284	123	168	1.76e-06	40.8
5_18	7_1	55.172	29	13	0	271	299	482	510	2.67e-06	41.2
5_18	7_11	36.620	71	36	2	200	266	13	78	3.34e-06	40.8
5_18	7_0	31.343	67	46	0	238	304	430	496	8.15e-06	39.3
5_18	7_36	33.929	56	37	0	245	300	2	57	8.88e-05	35.4
5_18	7_28	38.298	47	29	0	239	285	193	239	1.47e-04	35.4
5_18	7_7	33.898	59	39	0	240	298	485	543	2.07e-04	35.0
5_18	7_35	41.176	34	19	1	271	304	28	60	3.40e-04	33.5
5_18	7_42	37.288	59	33	2	242	298	79	135	3.89e-04	33.9
5_19	7_12	56.897	58	25	0	185	242	92	149	1.34e-17	72.4
5_19	7_31	46.753	77	40	1	166	242	36	111	3.19e-17	72.4
5_19	7_5	67.308	52	17	0	190	241	321	372	4.20e-16	70.1
5_19	7_49	56.140	57	25	0	185	241	101	157	1.14e-15	68.9
5_19	7_4	56.140	57	25	0	185	241	235	291	7.58e-15	65.9
5_19	7_25	40.845	71	42	0	181	251	93	163	1.27e-14	62.8
5_19	7_27	40.299	67	40	0	185	251	28	94	1.74e-14	62.0
5_19	7_46	46.875	64	34	0	179	242	49	112	2.68e-14	62.8
5_19	7_34	45.902	61	33	0	185	245	143	203	1.47e-13	61.6
5_19	7_3	55.000	60	27	0	182	241	105	164	1.72e-13	60.1
5_19	7_26	47.170	53	28	0	190	242	88	140	1.16e-12	58.2
5_19	7_21	45.763	59	32	0	186	244	306	364	6.96e-12	57.4
5_19	7_18	50.909	55	27	0	188	242	105	159	1.58e-11	54.7
5_19	7_37	43.396	53	30	0	188	240	72	124	8.90e-11	52.8
5_19	7_32	38.095	63	39	0	185	247	76	138	1.24e-10	53.5
5_19	7_6	37.313	67	42	0	185	251	51	117	6.06e-10	51.6
5_19	7_38	41.270	63	35	1	179	241	10	70	6.06e-10	51.2
5_19	7_30	33.333	129	69	4	181	303	70	187	1.69e-09	48.9
5_19	7_1	37.179	78	45	1	193	270	461	534	9.28e-09	47.8
5_19	7_11	37.931	58	24	1	206	251	775	832	2.27e-07	43.9
5_19	7_42	34.848	66	43	0	181	246	75	140	5.76e-07	41.6
5_19	7_28	36.508	63	37	1	170	229	178	240	6.45e-06	38.9
5_19	7_19	31.579	57	39	0	185	241	76	132	1.97e-05	36.6
5_19	7_47	36.232	69	39	1	169	232	114	182	2.16e-05	37.4
5_19	7_17	42.857	49	27	1	167	215	26	73	2.58e-05	37.0
5_19	7_35	34.043	47	27	1	196	242	14	56	3.03e-05	36.2
5_19	7_39	33.333	63	34	2	173	227	106	168	4.58e-05	35.4
5_19	7_45	27.586	58	42	0	186	243	533	590	4.66e-05	36.2
5_19	7_40	36.000	50	29	1	181	227	111	160	1.85e-04	33.9
5_19	7_36	28.571	63	45	0	187	249	1	63	2.61e-04	33.1
5_19	7_7	31.579	57	39	0	185	241	487	543	2.88e-04	33.9
5_19	7_14	26.389	72	53	0	171	242	180	251	3.65e-04	33.5
5_19	7_29	28.846	52	37	0	186	237	120	171	5.14e-04	32.3
5_19	7_22	36.111	72	31	2	185	241	94	165	8.40e-04	32.0
5_20	7_44	74.359	78	20	0	1	78	96	173	1.58e-41	132
5_20	7_24	53.488	43	17	2	43	82	5	47	1.00e-08	45.8
5_20	7_19	28.571	126	83	2	35	153	82	207	1.70e-08	44.7
5_20	7_9	56.250	32	14	0	51	82	933	964	5.25e-08	44.3
5_20	7_14	52.273	44	18	2	42	82	204	247	5.73e-08	43.9
5_20	7_13	52.273	44	18	2	42	82	29	72	1.01e-07	43.1
5_20	7_49	34.021	97	54	4	43	138	115	202	1.40e-07	42.7
5_20	7_16	28.283	99	68	1	35	130	1024	1122	3.59e-07	41.6
5_20	7_15	28.283	99	68	1	35	130	1006	1104	3.75e-07	41.6
5_20	7_8	54.545	33	15	0	50	82	939	971	4.81e-07	41.2
5_20	7_22	37.500	64	25	2	33	81	98	161	5.75e-07	40.4
5_20	7_37	28.440	109	63	3	34	141	74	168	8.02e-07	40.0
5_20	7_7	31.250	64	44	0	35	98	493	556	1.36e-06	40.0
5_20	7_36	30.508	59	41	0	35	93	5	63	1.45e-06	38.9
5_20	7_29	39.130	46	28	0	35	80	125	170	2.49e-06	38.1
5_20	7_18	35.849	53	26	1	36	80	101	153	3.04e-06	38.1
5_20	7_32	30.631	111	60	3	13	123	69	162	6.83e-06	37.7
5_20	7_6	27.000	100	60	2	2	97	33	123	1.44e-05	37.0
5_20	7_46	33.333	48	32	0	35	82	61	108	1.47e-05	36.2
5_20	7_38	48.485	33	17	0	52	84	37	69	1.78e-05	36.2
5_20	7_34	32.432	74	38	2	9	82	135	196	2.62e-05	35.8
5_20	7_12	35.417	48	31	0	35	82	98	145	3.87e-05	35.0
5_20	7_21	35.556	45	29	0	43	87	319	363	5.95e-05	35.0
5_20	7_26	46.341	41	19	1	52	89	106	146	7.53e-05	33.9
5_20	7_45	34.884	43	28	0	42	84	545	587	9.98e-05	34.3
5_20	7_27	28.571	77	52	1	43	116	42	118	1.21e-04	33.1
5_20	7_1	30.137	73	42	4	52	124	476	539	1.63e-04	33.5
5_20	7_42	33.333	42	28	0	43	84	93	134	3.65e-04	32.3
5_20	7_20	44.828	29	16	0	61	89	108	136	4.05e-04	32.0
5_20	7_31	33.871	62	32	2	23	84	57	109	5.12e-04	31.6
5_21	7_34	69.182	159	42	3	222	374	133	290	4.13e-74	224
5_21	7_26	54.217	83	31	2	237	315	88	167	1.12e-19	78.6
5_21	7_27	55.000	60	27	0	230	289	26	85	4.75e-19	75.5
5_21	7_46	48.438	64	33	0	226	289	49	112	2.66e-16	68.9
5_21	7_18	46.875	64	34	0	229	292	99	162	2.75e-16	68.9
5_21	7_12	56.897	58	25	0	232	289	92	149	3.57e-16	68.9
5_21	7_38	54.545	66	29	1	227	291	8	73	1.31e-15	69.3
5_21	7_31	42.466	73	42	0	230	302	52	124	1.76e-15	67.8
5_21	7_49	47.692	65	34	0	229	293	98	162	3.18e-15	68.6
5_21	7_37	45.902	61	33	0	235	295	72	132	7.91e-15	65.1
5_21	7_5	54.717	53	24	0	238	290	322	374	1.21e-13	63.2
5_21	7_4	45.614	57	31	0	232	288	235	291	7.91e-13	60.1
5_21	7_30	50.000	62	25	1	227	288	75	130	2.98e-12	57.4
5_21	7_3	40.323	62	37	0	227	288	103	164	4.67e-11	53.5
5_21	7_32	38.710	62	38	0	228	289	72	133	5.68e-11	55.1
5_21	7_25	40.000	65	36	1	224	288	92	153	3.65e-10	50.4
5_21	7_40	37.143	70	43	1	205	274	92	160	5.92e-10	50.8
5_21	7_6	30.769	78	51	1	214	291	36	110	6.91e-10	52.0
5_21	7_21	35.484	62	40	0	228	289	301	362	7.73e-10	51.6
5_21	7_39	35.065	77	43	1	205	274	92	168	1.30e-09	49.7
5_21	7_1	42.553	47	27	0	246	292	467	513	9.14e-08	45.1
5_21	7_47	36.923	65	38	1	215	279	121	182	1.35e-06	41.2
5_21	7_7	35.593	59	38	0	230	288	485	543	4.57e-06	39.7
5_21	7_42	34.426	61	40	0	232	292	79	139	9.07e-06	38.5
5_21	7_22	27.778	90	50	1	232	306	94	183	9.14e-06	38.1
5_21	7_28	30.667	75	47	1	202	276	171	240	2.82e-05	37.0
5_21	7_11	51.724	29	14	0	268	296	802	830	4.44e-05	37.0
5_21	7_35	33.333	42	28	0	250	291	17	58	5.40e-05	35.8
5_21	7_13	30.303	66	44	1	226	291	15	78	5.55e-05	36.2
5_21	7_14	30.159	63	42	1	229	291	193	253	6.26e-05	36.2
5_21	7_15	30.508	59	41	0	232	290	1000	1058	9.93e-05	35.8
5_21	7_16	30.508	59	41	0	232	290	1018	1076	1.00e-04	35.8
5_21	7_19	34.286	70	41	2	229	294	74	142	1.31e-04	34.3
5_21	7_0	29.310	58	41	0	230	287	432	489	3.63e-04	33.5
5_21	7_10	42.857	28	16	0	264	291	2	29	7.56e-04	32.7
5_21	7_24	41.026	39	23	0	249	287	11	49	8.20e-04	32.3
5_22	7_32	65.957	141	39	4	167	307	61	192	1.58e-49	166
5_22	7_6	56.250	80	33	1	160	239	31	108	5.62e-24	96.3
5_22	7_28	39.073	151	74	5	81	226	103	240	1.38e-22	91.3
5_22	7_21	45.098	102	50	2	177	278	300	395	2.04e-21	88.2
5_22	7_47	62.500	64	24	0	166	229	119	182	2.58e-21	87.4
5_22	7_35	47.297	74	29	1	200	263	17	90	4.53e-19	77.4
5_22	7_1	66.667	48	16	0	192	239	463	510	1.01e-18	79.7
5_22	7_12	34.783	115	62	2	137	239	36	149	4.98e-17	71.6
5_22	7_46	36.667	90	56	1	179	267	52	141	2.86e-16	68.9
5_22	7_43	69.565	46	14	0	181	226	392	437	1.23e-15	70.1
5_22	7_2	63.830	47	17	0	180	226	131	177	7.16e-15	68.2
5_22	7_49	50.000	60	30	0	179	238	98	157	4.13e-13	62.4
5_22	7_34	30.612	98	59	2	151	239	103	200	1.28e-12	59.7
5_22	7_31	37.647	85	45	1	163	239	27	111	1.82e-12	58.9
5_22	7_27	41.935	62	36	0	180	241	26	87	3.92e-12	55.8
5_22	7_19	42.623	61	35	0	180	240	74	134	4.05e-12	57.0
5_22	7_36	42.857	56	32	0	185	240	2	57	2.02e-11	54.7
5_22	7_5	45.098	51	28	0	188	238	322	372	2.52e-11	56.2
5_22	7_3	34.118	85	50	2	181	260	107	190	4.83e-11	53.5
5_22	7_42	42.254	71	38	1	181	248	78	148	5.42e-11	54.7
5_22	7_4	34.118	85	47	2	177	252	225	309	3.61e-10	52.4
5_22	7_18	41.935	62	36	0	179	240	99	160	5.56e-10	50.8
5_22	7_26	35.714	56	36	0	187	242	88	143	1.33e-09	49.7
5_22	7_37	37.736	53	33	0	185	237	72	124	3.81e-09	48.1
5_22	7_38	44.262	61	32	1	178	238	12	70	6.04e-09	48.9
5_22	7_25	38.983	59	36	0	180	238	95	153	4.45e-08	44.7
5_22	7_0	32.787	61	41	0	180	240	432	492	6.03e-08	45.8
5_22	7_22	34.722	72	32	1	182	238	94	165	1.11e-07	44.3
5_22	7_45	28.866	97	58	1	151	247	512	597	9.45e-07	42.4
5_22	7_16	37.931	58	36	0	182	239	1018	1075	2.10e-06	41.2
5_22	7_15	37.931	58	36	0	182	239	1000	1057	2.32e-06	41.2
5_22	7_29	32.143	56	38	0	178	233	115	170	4.93e-06	38.5
5_22	7_11	35.897	39	21	1	205	239	785	823	2.48e-05	37.7
5_22	7_30	37.288	59	31	1	180	238	78	130	2.53e-05	37.0
5_22	7_39	36.957	46	29	0	179	224	123	168	1.59e-04	34.3
5_22	7_40	36.957	46	29	0	179	224	115	160	1.61e-04	34.3
5_22	7_7	28.814	59	42	0	180	238	485	543	2.44e-04	34.7
5_22	7_14	30.508	59	41	0	181	239	193	251	7.84e-04	32.7
5_23	7_13	50.000	56	28	0	82	137	18	73	1.32e-14	65.5
5_23	7_14	46.774	62	33	0	76	137	187	248	2.57e-14	64.7
5_23	7_24	50.000	44	22	0	94	137	5	48	1.04e-10	52.8
5_23	7_9	43.023	86	34	3	106	176	934	1019	1.97e-10	53.1
5_23	7_9	42.105	38	20	1	71	106	367	404	2.29e-06	40.4
5_23	7_8	43.023	86	34	3	106	176	941	1026	2.19e-10	53.1
5_23	7_8	42.105	38	20	1	71	106	374	411	1.84e-06	40.8
5_24	7_12	53.125	192	62	8	262	441	48	223	2.73e-52	168
5_24	7_46	44.348	115	56	4	293	399	48	162	1.30e-22	87.4
5_24	7_34	38.168	131	66	3	275	394	122	248	8.75e-18	75.1
5_24	7_26	58.491	53	22	0	305	357	88	140	1.76e-17	72.8
5_24	7_27	48.333	60	31	0	298	357	26	85	1.06e-16	68.9
5_24	7_5	54.930	71	32	0	291	361	307	377	2.64e-16	72.0
5_24	7_49	54.098	61	28	0	298	358	99	159	3.15e-15	69.3
5_24	7_31	37.113	97	49	1	298	394	52	136	7.97e-15	66.2
5_24	7_6	47.059	68	36	0	294	361	45	112	1.02e-14	67.8
5_24	7_4	56.140	57	25	0	300	356	235	291	7.94e-14	63.5
5_24	7_37	46.774	62	30	1	297	355	63	124	1.27e-13	61.6
5_24	7_32	46.667	60	32	0	298	357	74	133	2.42e-13	62.8
5_24	7_21	40.476	84	47	2	301	383	306	387	3.55e-13	62.8
5_24	7_18	47.458	59	31	0	298	356	100	158	4.53e-13	60.1
5_24	7_25	44.262	61	34	0	298	358	95	155	2.12e-12	57.4
5_24	7_3	52.632	57	27	0	300	356	108	164	7.71e-12	56.2
5_24	7_30	46.479	71	31	2	292	361	71	135	1.63e-11	55.5
5_24	7_38	51.852	54	26	0	303	356	17	70	3.19e-11	56.2
5_24	7_11	37.681	69	30	2	302	357	755	823	1.84e-09	51.2
5_24	7_28	33.333	102	51	4	257	344	142	240	6.55e-08	45.8
5_24	7_1	44.681	47	26	0	310	356	463	509	1.01e-07	45.4
5_24	7_35	41.463	41	24	0	317	357	16	56	2.92e-07	42.7
5_24	7_7	36.111	72	46	0	297	368	484	555	3.85e-07	43.5
5_24	7_40	42.857	49	28	0	294	342	112	160	5.81e-07	42.0
5_24	7_39	42.857	49	28	0	294	342	120	168	6.71e-07	42.0
5_24	7_47	32.927	82	49	1	266	347	107	182	8.96e-06	39.3
5_24	7_19	30.508	59	41	0	298	356	74	132	9.46e-06	38.1
5_24	7_22	29.592	98	52	2	299	379	93	190	1.80e-05	37.7
5_24	7_14	32.812	64	42	1	295	358	190	252	3.02e-05	37.4
5_24	7_13	32.203	59	40	0	300	358	19	77	3.96e-05	37.0
5_24	7_42	27.660	94	61	2	263	356	49	135	9.88e-05	35.4
5_24	7_17	47.619	42	20	1	289	330	34	73	2.00e-04	34.7
5_24	7_0	31.034	58	40	0	298	355	432	489	5.66e-04	33.5
5_24	7_16	33.898	59	39	0	299	357	1017	1075	7.16e-04	33.1
5_24	7_15	33.898	59	39	0	299	357	999	1057	7.86e-04	33.1
5_25	7_6	38.462	78	48	0	38	115	48	125	1.53e-15	68.9
5_25	7_32	38.776	98	57	2	22	117	57	153	9.72e-15	66.2
5_25	7_21	43.333	60	34	0	38	97	302	361	9.98e-13	60.1
5_25	7_35	40.299	67	38	1	55	119	11	77	1.25e-11	55.1
5_25	7_49	35.897	78	47	1	38	115	98	172	8.93e-11	54.3
5_25	7_1	47.826	46	24	0	52	97	464	509	1.64e-10	53.5
5_25	7_43	47.368	57	29	1	29	85	382	437	4.32e-10	52.0
5_25	7_31	35.484	62	40	0	39	100	52	113	6.76e-10	50.8
5_25	7_19	28.440	109	68	2	39	139	74	180	8.60e-10	49.7
5_25	7_47	44.068	59	33	0	30	88	124	182	1.17e-09	50.4
5_25	7_37	30.233	86	56	1	35	116	63	148	1.38e-09	49.3
5_25	7_46	31.325	83	55	2	29	110	42	123	2.03e-09	48.5
5_25	7_4	34.483	58	38	0	41	98	235	292	2.12e-09	49.3
5_25	7_18	28.723	94	58	2	6	97	72	158	2.51e-09	48.5
5_25	7_34	32.895	76	51	0	36	111	138	213	3.10e-09	48.5
5_25	7_2	48.936	47	24	0	39	85	131	177	7.87e-09	48.1
5_25	7_36	26.852	108	76	1	44	151	2	106	1.03e-08	46.2
5_25	7_12	35.088	57	37	0	41	97	92	148	2.33e-08	45.4
5_25	7_3	36.842	57	36	0	41	97	108	164	3.95e-08	44.7
5_25	7_27	28.261	92	55	2	44	135	31	111	7.87e-08	43.1
5_25	7_28	45.833	48	26	0	38	85	193	240	9.93e-08	44.7
5_25	7_42	29.762	84	54	1	22	105	65	143	2.35e-07	43.1
5_25	7_45	35.714	56	36	0	42	97	533	588	3.10e-07	43.1
5_25	7_5	35.849	53	34	0	47	99	322	374	3.36e-07	42.7
5_25	7_38	33.846	65	35	3	38	99	13	72	1.81e-06	40.4
5_25	7_26	33.333	51	34	0	47	97	89	139	2.52e-06	39.3
5_25	7_22	29.487	78	40	1	41	103	94	171	9.68e-05	34.7
5_25	7_29	29.412	51	36	0	42	92	120	170	3.24e-04	32.7
5_25	7_16	29.508	61	43	0	37	97	1014	1074	5.83e-04	32.7
5_25	7_15	29.508	61	43	0	37	97	996	1056	6.58e-04	32.7
5_25	7_0	29.310	58	41	0	35	92	428	485	7.20e-04	32.3
5_26	7_12	47.761	67	29	2	318	384	93	153	1.40e-12	58.5
5_26	7_49	49.123	57	28	1	318	374	102	157	2.06e-11	56.6
5_26	7_4	42.105	57	32	1	318	374	236	291	3.01e-11	55.5
5_26	7_21	43.750	64	35	1	318	381	306	368	8.47e-11	54.7
5_26	7_3	40.580	69	39	2	318	386	109	175	4.60e-10	50.4
5_26	7_27	43.636	55	30	1	320	374	31	84	5.04e-10	49.7
5_26	7_18	40.625	64	37	1	318	381	103	165	1.09e-09	49.7
5_26	7_34	43.333	60	33	1	318	377	144	202	1.13e-09	50.4
5_26	7_26	46.154	52	27	1	323	374	89	139	2.43e-09	48.9
5_26	7_37	34.568	81	52	1	298	378	50	129	3.77e-09	48.1
5_26	7_31	33.803	71	46	1	304	374	41	110	5.55e-09	48.5
5_26	7_32	40.625	64	35	2	318	381	77	137	1.46e-08	47.4
5_26	7_1	45.098	51	27	1	327	377	463	512	2.80e-08	47.0
5_26	7_6	38.333	60	36	1	318	377	52	110	3.01e-08	47.0
5_26	7_46	33.871	62	40	1	318	379	56	116	4.90e-08	44.7
5_26	7_19	34.667	75	40	2	318	384	77	150	8.27e-08	44.3
5_26	7_7	42.105	57	32	1	318	374	488	543	1.57e-07	44.7
5_26	7_5	40.000	55	32	1	322	376	321	374	3.28e-07	43.1
5_26	7_42	36.667	60	37	1	318	377	80	138	4.46e-07	42.4
5_26	7_25	34.921	63	40	1	318	380	98	159	5.70e-07	41.2
5_26	7_0	34.483	58	37	1	318	375	435	491	5.91e-07	42.7
5_26	7_36	34.545	55	35	1	320	374	2	55	2.95e-05	36.2
5_26	7_38	37.931	58	35	1	323	380	20	76	4.65e-05	36.6
5_26	7_35	34.146	41	27	0	337	377	18	58	5.78e-05	35.4
5_26	7_22	27.723	101	58	4	303	388	80	180	2.14e-04	33.9
5_26	7_29	30.189	53	36	1	317	369	119	170	3.54e-04	33.1
5_27	7_8	71.111	45	13	0	127	171	937	981	1.48e-18	77.8
5_27	7_8	53.191	47	17	2	81	127	366	407	9.64e-09	47.8
5_27	7_9	71.111	45	13	0	127	171	930	974	1.56e-18	77.8
5_27	7_9	53.191	47	17	2	81	127	359	400	9.89e-09	47.8
5_27	7_14	39.506	81	41	2	84	164	178	250	1.88e-13	62.0
5_27	7_13	41.379	58	34	0	107	164	18	75	5.06e-13	60.5
5_27	7_24	45.455	44	24	0	119	162	5	48	8.86e-12	55.8
5_27	7_44	43.396	53	27	1	105	157	124	173	4.10e-09	47.0
5_27	7_36	38.636	44	27	0	132	175	23	66	4.22e-05	35.4
5_27	7_32	32.857	70	46	1	92	161	61	129	5.75e-05	35.8
5_27	7_3	43.750	32	18	0	131	162	131	162	1.22e-04	33.9
5_27	7_34	26.596	94	66	2	79	170	113	205	1.65e-04	33.9
5_27	7_19	36.765	68	35	5	95	159	65	127	6.50e-04	32.0
5_27	7_10	52.000	25	12	0	140	164	2	26	6.93e-04	32.3
5_27	7_25	25.316	79	54	2	95	173	87	160	7.93e-04	31.2
5_28	7_15	50.340	441	179	10	740	1157	690	1113	3.75e-117	387
5_28	7_16	50.340	441	179	10	740	1157	708	1131	5.92e-117	387
5_28	7_32	34.444	90	53	1	1030	1119	58	141	2.61e-08	48.9
5_28	7_44	40.909	44	26	0	1060	1103	130	173	1.49e-05	38.9
5_28	7_29	27.869	61	44	0	1048	1108	113	173	4.46e-05	37.7
5_28	7_46	31.746	63	43	0	1053	1115	54	116	4.03e-04	34.7
5_28	7_22	26.250	80	44	1	1053	1117	93	172	7.33e-04	34.3
5_29	7_31	62.069	58	22	0	129	186	54	111	1.69e-18	78.2
5_29	7_12	55.932	59	26	0	128	186	91	149	4.56e-18	75.9
5_29	7_46	57.377	61	26	0	127	187	53	113	9.99e-18	74.3
5_29	7_18	56.667	60	26	0	129	188	102	161	5.18e-16	69.7
5_29	7_49	44.000	100	47	2	127	217	99	198	5.22e-16	73.2
5_29	7_27	49.153	59	30	0	129	187	28	86	1.04e-15	67.0
5_29	7_25	56.140	57	25	0	129	185	97	153	1.17e-15	67.4
5_29	7_5	63.462	52	19	0	134	185	321	372	2.83e-15	70.1
5_29	7_34	46.875	64	34	0	129	192	143	206	5.14e-15	68.2
5_29	7_26	38.462	143	65	6	63	186	2	140	4.71e-14	63.9
5_29	7_3	41.538	65	38	0	126	190	105	169	1.25e-13	62.0
5_29	7_4	46.774	62	33	0	129	190	235	296	2.44e-13	63.2
5_29	7_37	38.667	75	43	1	128	199	65	139	7.06e-13	60.5
5_29	7_38	55.556	54	24	0	135	188	20	73	1.44e-12	61.6
5_29	7_21	45.312	64	34	1	130	192	306	369	1.66e-09	52.4
5_29	7_6	41.791	67	33	2	123	186	45	108	2.05e-09	52.4
5_29	7_32	45.763	59	32	0	129	187	76	134	2.76e-09	51.2
5_29	7_30	40.909	66	33	1	120	185	71	130	3.33e-09	49.7
5_29	7_35	32.710	107	62	5	140	241	14	115	1.03e-07	45.1
5_29	7_40	44.898	49	27	0	123	171	112	160	1.77e-07	44.3
5_29	7_39	44.898	49	27	0	123	171	120	168	2.04e-07	44.3
5_29	7_19	30.435	115	63	3	129	232	76	184	2.92e-07	43.5
5_29	7_1	48.980	49	25	0	137	185	461	509	8.99e-07	43.5
5_29	7_11	36.000	50	28	1	141	186	774	823	1.35e-05	39.7
5_29	7_7	40.000	60	30	2	129	185	487	543	1.93e-05	39.3
5_29	7_42	33.750	80	46	1	112	191	69	141	4.59e-05	37.4
5_29	7_14	25.166	151	94	3	115	253	180	323	6.25e-05	37.4
5_29	7_45	33.333	60	34	2	130	186	533	589	6.40e-05	37.7
5_29	7_36	34.545	55	36	0	131	185	1	55	2.27e-04	34.7
5_29	7_28	38.710	62	37	1	113	173	179	240	2.36e-04	35.4
5_29	7_0	30.508	59	41	0	126	184	431	489	0.001	33.5
5_30	7_46	44.118	102	47	2	155	256	20	111	3.33e-20	79.0
5_30	7_12	55.932	59	26	0	198	256	90	148	4.53e-20	79.0
5_30	7_31	56.522	69	29	1	192	260	47	114	1.16e-19	79.0
5_30	7_25	52.778	72	32	1	196	267	93	162	6.13e-19	74.7
5_30	7_26	46.552	58	31	0	205	262	88	145	5.89e-16	67.4
5_30	7_49	45.000	80	44	0	198	277	99	178	6.05e-16	69.7
5_30	7_27	50.847	59	29	0	198	256	26	84	4.65e-15	63.5
5_30	7_18	59.322	59	24	0	198	256	100	158	4.82e-15	64.7
5_30	7_4	30.052	193	105	6	89	261	114	296	4.96e-15	65.9
5_30	7_5	56.364	55	24	0	205	259	321	375	7.09e-15	66.2
5_30	7_3	42.857	70	40	0	192	261	100	169	6.05e-14	61.2
5_30	7_37	36.364	99	57	3	190	283	56	153	1.40e-13	60.5
5_30	7_34	47.458	59	31	0	200	258	143	201	1.45e-13	61.6
5_30	7_38	50.000	56	28	0	203	258	17	72	2.06e-12	58.5
5_30	7_32	40.299	67	40	0	193	259	69	135	4.94e-12	57.4
5_30	7_21	38.095	63	39	0	194	256	299	361	6.24e-12	57.4
5_30	7_6	36.111	72	46	0	198	269	49	120	1.68e-11	56.2
5_30	7_19	32.955	88	54	3	187	273	65	148	3.77e-09	47.8
5_30	7_30	31.522	92	57	1	196	287	76	161	6.89e-08	43.9
5_30	7_36	39.394	66	37	3	203	267	2	65	8.32e-08	43.5
5_30	7_1	33.333	81	44	1	210	280	463	543	1.29e-07	43.9
5_30	7_47	40.741	54	32	0	194	247	129	182	8.26e-07	41.6
5_30	7_42	36.923	65	41	0	194	258	73	137	9.38e-07	40.8
5_30	7_35	32.308	65	42	1	217	279	16	80	1.05e-06	40.4
5_30	7_28	34.146	82	45	3	171	244	160	240	1.85e-06	40.4
5_30	7_0	31.148	61	42	0	197	257	431	491	3.87e-05	36.2
5_30	7_13	32.812	64	42	1	193	256	13	75	8.42e-05	35.0
5_30	7_7	33.333	57	38	0	200	256	487	543	1.98e-04	34.3
5_30	7_22	30.380	79	40	3	193	256	87	165	2.02e-04	33.5
5_30	7_11	56.522	23	10	0	242	264	808	830	2.02e-04	34.3
5_30	7_14	30.769	65	44	1	193	256	186	250	2.07e-04	33.9
5_30	7_2	36.538	52	33	0	193	244	126	177	2.34e-04	33.9
5_30	7_40	33.824	68	39	2	181	242	93	160	3.99e-04	32.7
5_30	7_39	37.778	45	28	0	198	242	124	168	4.10e-04	32.7
5_31	7_19	51.913	183	67	6	234	399	38	216	3.14e-52	166
5_31	7_36	58.537	123	33	1	269	373	1	123	2.61e-43	142
5_31	7_29	26.131	199	113	5	125	318	1	170	3.25e-13	59.7
5_31	7_6	40.278	72	41	1	261	330	45	116	7.90e-12	58.5
5_31	7_32	40.984	61	36	0	265	325	74	134	7.93e-12	57.8
5_31	7_49	30.526	95	63	1	252	346	89	180	5.15e-11	55.5
5_31	7_45	38.983	59	36	0	265	323	530	588	7.27e-11	55.5
5_31	7_21	44.068	59	33	0	265	323	303	361	2.62e-10	53.5
5_31	7_1	47.917	48	25	0	277	324	463	510	1.21e-09	51.2
5_31	7_42	43.860	57	32	0	267	323	79	135	1.35e-08	47.4
5_31	7_4	36.667	60	38	0	264	323	232	291	3.78e-08	45.8
5_31	7_35	29.825	114	69	2	285	387	17	130	4.18e-08	45.1
5_31	7_46	27.660	94	62	3	234	325	24	113	9.58e-08	43.9
5_31	7_18	25.781	128	86	3	262	388	96	215	3.76e-07	42.4
5_31	7_37	28.070	114	73	2	261	374	63	167	3.81e-07	42.4
5_31	7_27	25.600	125	92	1	263	387	24	147	1.32e-06	39.7
5_31	7_12	28.571	63	42	1	261	323	89	148	5.26e-06	38.9
5_31	7_3	37.288	59	37	0	266	324	107	165	1.31e-05	37.4
5_31	7_38	53.125	32	13	1	297	328	44	73	4.03e-05	36.6
5_31	7_31	27.692	65	47	0	267	331	54	118	9.10e-05	35.4
5_31	7_26	26.415	53	39	0	273	325	89	141	1.76e-04	34.3
5_31	7_43	31.818	66	43	1	248	311	372	437	1.82e-04	34.7
5_31	7_34	31.667	60	40	1	265	323	140	199	2.88e-04	33.9
5_31	7_5	30.769	52	36	0	272	323	321	372	3.13e-04	33.9
5_31	7_23	29.870	77	43	3	258	323	221	297	3.51e-04	33.9
5_31	7_28	31.915	47	32	0	265	311	194	240	3.58e-04	33.9
5_31	7_2	38.298	47	29	0	265	311	131	177	7.33e-04	33.1
5_32	7_42	65.854	123	24	2	169	291	68	172	8.69e-47	155
5_32	7_29	42.373	59	34	0	173	231	112	170	3.09e-12	57.0
5_32	7_29	48.889	45	22	1	118	162	2	45	2.41e-10	51.6
5_32	7_45	40.541	74	42	1	165	236	515	588	3.15e-12	60.1
5_32	7_32	38.356	73	45	0	168	240	64	136	1.74e-11	57.0
5_32	7_21	41.270	63	37	0	174	236	299	361	1.03e-10	54.7
5_32	7_19	41.096	73	36	1	180	252	76	141	6.94e-10	50.4
5_32	7_4	40.351	57	34	0	180	236	235	291	2.38e-09	49.7
5_32	7_1	47.917	48	25	0	189	236	462	509	2.42e-09	50.4
5_32	7_36	42.857	56	32	0	183	238	2	57	4.88e-09	47.8
5_32	7_6	36.364	66	42	0	171	236	42	107	6.05e-09	49.3
5_32	7_3	36.207	58	37	0	180	237	108	165	2.03e-08	45.8
5_32	7_7	36.667	60	38	0	180	239	487	546	3.21e-08	47.0
5_32	7_49	40.351	57	34	0	180	236	101	157	8.60e-08	45.4
5_32	7_34	29.787	94	60	1	149	236	106	199	1.13e-07	44.7
5_32	7_16	35.088	57	37	0	180	236	1018	1074	6.02e-07	43.1
5_32	7_15	35.088	57	37	0	180	236	1000	1056	6.22e-07	43.1
5_32	7_31	32.787	61	41	0	176	236	50	110	7.08e-07	42.0
5_32	7_12	33.333	60	40	0	180	239	92	151	3.40e-06	39.7
5_32	7_25	31.148	61	42	0	176	236	93	153	1.94e-05	36.6
5_32	7_22	24.242	165	101	4	180	327	94	251	3.01e-05	37.0
5_32	7_27	33.333	57	38	0	180	236	28	84	4.01e-05	35.4
5_32	7_18	30.864	81	52	2	158	236	80	158	4.45e-05	36.2
5_32	7_46	29.825	57	40	0	180	236	55	111	4.58e-05	35.8
5_32	7_47	33.333	66	38	1	162	227	123	182	4.71e-05	36.6
5_32	7_5	34.000	50	33	0	187	236	323	372	5.54e-05	36.2
5_32	7_37	30.909	55	38	0	183	237	72	126	8.32e-05	35.0
5_32	7_24	24.615	130	79	4	198	319	12	130	1.24e-04	35.0
5_32	7_0	28.814	59	42	0	180	238	434	492	2.67e-04	34.3
5_32	7_20	34.000	50	33	0	188	237	84	133	4.96e-04	33.1
5_32	7_26	23.611	72	55	0	185	256	88	159	7.13e-04	32.3
5_32	7_28	34.783	46	30	0	179	224	195	240	7.33e-04	32.7
5_32	7_35	45.455	33	18	0	204	236	23	55	7.61e-04	32.3
5_33	7_46	55.844	77	30	2	193	265	50	126	1.37e-21	84.7
5_33	7_27	53.333	75	33	1	180	254	13	85	1.92e-21	82.8
5_33	7_12	61.667	60	23	0	195	254	90	149	4.02e-21	84.0
5_33	7_26	50.000	86	25	1	187	254	55	140	4.37e-21	83.6
5_33	7_34	40.659	91	51	1	164	254	113	200	6.69e-19	79.0
5_33	7_38	43.038	79	45	0	195	273	12	90	2.15e-17	75.9
5_33	7_5	40.833	120	57	4	148	253	253	372	1.52e-16	73.2
5_33	7_18	40.698	86	51	0	168	253	73	158	4.38e-16	69.3
5_33	7_49	47.826	69	36	0	195	263	99	167	5.19e-15	68.9
5_33	7_31	45.312	64	35	0	192	255	49	112	2.35e-14	65.5
5_33	7_32	46.774	62	33	0	193	254	72	133	2.93e-14	66.2
5_33	7_4	41.791	67	39	0	193	259	231	297	7.95e-14	63.9
5_33	7_21	44.262	61	34	0	195	255	303	363	1.23e-13	64.7
5_33	7_30	45.833	72	30	2	184	255	70	132	1.78e-13	61.6
5_33	7_11	52.542	59	16	1	220	266	777	835	2.14e-13	64.3
5_33	7_11	57.447	47	16	2	175	221	36	78	1.17e-08	48.9
5_33	7_37	47.170	53	28	0	200	252	72	124	5.76e-13	60.1
5_33	7_3	41.270	63	37	0	197	259	108	170	1.19e-11	55.8
5_33	7_25	41.538	65	38	0	189	253	89	153	1.09e-10	52.4
5_33	7_6	32.353	68	46	0	188	255	42	109	2.37e-10	54.7
5_33	7_1	41.176	51	30	0	211	261	467	517	7.89e-08	46.2
5_33	7_35	33.962	53	33	1	214	264	16	68	1.81e-07	43.9
5_33	7_40	34.375	64	42	0	176	239	97	160	1.87e-07	43.9
5_33	7_39	38.000	50	31	0	190	239	119	168	4.14e-07	42.7
5_33	7_19	28.333	60	43	0	194	253	73	132	3.21e-06	40.0
5_33	7_0	34.921	63	40	1	191	252	427	489	7.64e-06	39.7
5_33	7_28	31.034	87	53	2	162	241	154	240	1.12e-05	39.3
5_33	7_7	33.898	59	39	0	195	253	485	543	4.77e-05	37.4
5_33	7_47	33.333	75	37	1	183	244	108	182	5.44e-05	37.0
5_33	7_22	33.333	72	33	1	197	253	94	165	5.38e-04	33.5
5_33	7_14	25.641	78	58	0	181	258	178	255	6.05e-04	33.5
5_33	7_13	28.205	78	50	2	183	258	7	80	8.06e-04	33.1
5_34	7_12	52.459	61	29	0	218	278	89	149	6.10e-18	73.2
5_34	7_31	48.611	72	36	1	212	282	45	116	7.36e-18	73.9
5_34	7_18	53.846	65	30	0	217	281	98	162	1.54e-17	72.0
5_34	7_4	57.407	54	23	0	224	277	238	291	7.06e-17	71.6
5_34	7_3	44.737	76	39	1	202	277	92	164	7.23e-16	66.6
5_34	7_46	51.667	60	29	0	219	278	53	112	1.14e-15	66.2
5_34	7_49	44.828	87	46	2	211	296	90	175	1.58e-15	68.6
5_34	7_27	46.970	66	35	0	216	281	23	88	1.71e-15	64.7
5_34	7_5	62.745	51	19	0	227	277	322	372	1.84e-15	67.8
5_34	7_26	49.057	53	27	0	227	279	89	141	1.99e-14	63.2
5_34	7_37	43.836	73	35	2	210	276	52	124	2.10e-14	63.2
5_34	7_25	53.704	54	25	0	224	277	100	153	5.91e-14	60.8
5_34	7_34	41.538	65	38	0	224	288	146	210	1.76e-13	61.2
5_34	7_21	49.091	55	28	0	224	278	308	362	2.72e-12	58.5
5_34	7_38	47.541	61	31	1	223	283	16	75	3.01e-12	58.2
5_34	7_30	41.892	74	34	2	223	293	82	149	3.04e-11	53.9
5_34	7_6	35.366	82	49	1	224	305	54	131	2.59e-10	52.8
5_34	7_32	42.105	57	33	0	223	279	78	134	1.08e-09	50.4
5_34	7_42	32.184	87	54	2	224	305	82	168	2.24e-07	42.7
5_34	7_1	37.931	58	35	1	220	277	453	509	5.00e-07	42.4
5_34	7_40	42.500	40	23	0	224	263	121	160	4.14e-06	38.5
5_34	7_39	42.500	40	23	0	224	263	129	168	4.15e-06	38.9
5_34	7_0	27.941	68	49	0	217	284	430	497	2.53e-05	37.0
5_34	7_7	30.000	60	42	0	218	277	484	543	2.91e-05	37.0
5_34	7_45	26.667	75	55	0	224	298	535	609	5.09e-05	36.2
5_34	7_14	24.286	140	96	2	143	282	126	255	6.62e-05	35.8
5_34	7_35	33.333	63	37	3	232	293	14	72	2.00e-04	33.5
5_34	7_19	27.619	105	68	3	205	302	61	164	2.44e-04	33.1
5_34	7_13	29.213	89	50	2	221	296	16	104	2.55e-04	33.5
5_34	7_22	31.522	92	43	3	205	281	83	169	5.71e-04	32.3
5_34	7_15	26.136	88	63	1	217	304	996	1081	7.55e-04	32.3
5_34	7_2	42.857	42	24	0	224	265	136	177	8.80e-04	32.0
5_35	7_21	72.727	33	9	0	1	33	335	367	1.45e-11	56.2
5_35	7_35	65.625	32	11	0	1	32	29	60	9.68e-10	49.3
5_35	7_6	32.836	67	45	0	1	67	81	147	4.37e-09	48.9
5_35	7_12	61.538	26	10	0	3	28	124	149	2.63e-08	45.1
5_35	7_1	65.517	29	10	0	1	29	483	511	6.37e-08	45.1
5_35	7_32	64.286	28	10	0	1	28	106	133	1.22e-07	43.9
5_35	7_11	39.474	38	23	0	5	42	800	837	3.09e-07	43.1
5_35	7_26	40.476	42	25	0	2	43	114	155	7.10e-07	40.8
5_35	7_37	66.667	24	8	0	3	26	101	124	1.03e-06	40.4
5_35	7_27	42.500	40	23	0	2	41	59	98	1.11e-06	39.7
5_35	7_46	50.000	26	13	0	3	28	87	112	3.30e-06	38.5
5_35	7_4	46.875	32	17	0	1	32	265	296	7.42e-06	38.1
5_35	7_19	47.727	44	18	2	3	41	108	151	1.11e-05	37.4
5_35	7_5	40.476	42	22	1	3	44	348	386	1.40e-05	37.4
5_35	7_38	57.143	28	12	0	3	30	46	73	1.59e-05	37.4
5_35	7_25	60.000	30	11	1	3	32	129	157	1.63e-05	36.2
5_35	7_49	56.000	25	11	0	3	27	133	157	1.28e-04	34.7
5_35	7_34	46.429	28	15	0	1	28	173	200	1.61e-04	33.9
5_35	7_36	56.000	25	11	0	3	27	31	55	4.14e-04	32.3
5_35	7_18	52.000	25	12	0	3	27	134	158	4.33e-04	32.3
5_35	7_31	53.846	26	12	0	3	28	86	111	4.84e-04	32.3
5_35	7_3	52.000	25	12	0	3	27	140	164	6.84e-04	31.6
5_36	7_21	77.922	77	15	1	49	125	293	367	1.19e-37	126
5_36	7_32	65.672	67	23	0	54	120	67	133	9.68e-26	92.8
5_36	7_6	56.061	66	29	0	60	125	48	113	5.55e-22	82.8
5_36	7_1	55.224	67	28	1	73	139	463	527	1.72e-21	81.3
5_36	7_28	48.276	87	38	2	21	107	161	240	4.32e-21	80.1
5_36	7_35	70.732	41	12	0	81	121	17	57	8.44e-18	68.9
5_36	7_47	57.692	52	22	0	59	110	131	182	2.65e-17	69.3
5_36	7_2	56.863	51	22	0	57	107	127	177	1.00e-16	67.4
5_36	7_46	45.902	61	33	0	60	120	52	112	1.87e-16	65.1
5_36	7_12	42.424	66	34	1	56	121	89	150	6.91e-15	61.2
5_36	7_43	50.000	50	25	0	58	107	388	437	8.08e-14	59.3
5_36	7_5	47.059	51	27	0	69	119	322	372	3.21e-13	57.4
5_36	7_27	42.857	63	34	1	58	120	25	85	7.94e-13	54.3
5_36	7_37	38.235	68	41	1	52	119	59	125	8.47e-13	55.5
5_36	7_49	45.161	62	34	0	58	119	96	157	9.40e-13	56.2
5_36	7_31	47.368	57	30	0	64	120	55	111	2.43e-12	54.7
5_36	7_42	43.478	69	36	1	66	131	82	150	2.69e-12	54.7
5_36	7_4	35.526	76	49	0	44	119	216	291	1.11e-11	52.8
5_36	7_18	41.270	63	37	0	57	119	96	158	1.16e-11	52.4
5_36	7_19	32.979	94	51	3	49	139	64	148	8.85e-11	49.7
5_36	7_3	38.983	59	36	0	66	124	111	169	1.04e-10	49.3
5_36	7_34	30.882	68	47	0	59	126	139	206	3.87e-10	48.5
5_36	7_26	35.849	53	34	0	68	120	88	140	8.21e-10	47.0
5_36	7_36	38.182	55	34	0	66	120	2	56	2.69e-09	45.4
5_36	7_29	35.714	56	36	0	59	114	115	170	5.41e-09	44.7
5_36	7_38	48.000	50	20	2	73	119	24	70	6.29e-09	45.1
5_36	7_30	37.500	72	39	1	48	119	65	130	1.15e-08	43.9
5_36	7_25	38.462	65	39	1	56	120	90	153	1.45e-08	43.1
5_36	7_0	39.655	58	34	1	57	114	429	485	4.72e-08	42.4
5_36	7_45	32.143	84	57	0	37	120	506	589	3.13e-07	40.4
5_36	7_16	30.556	72	50	0	64	135	1019	1090	6.21e-07	39.3
5_36	7_15	30.556	72	50	0	64	135	1001	1072	6.63e-07	39.3
5_36	7_7	25.893	112	64	2	21	131	463	556	1.43e-06	38.1
5_36	7_11	44.444	36	20	0	86	121	789	824	1.60e-06	38.1
5_36	7_22	29.474	95	50	2	64	141	95	189	2.12e-05	34.7
5_36	7_40	30.435	46	32	0	60	105	115	160	7.12e-04	30.0
5_36	7_39	30.435	46	32	0	60	105	123	168	7.57e-04	30.0
5_37	7_14	46.819	393	180	13	18	399	44	418	1.04e-91	283
5_37	7_13	57.746	142	55	2	148	288	3	140	2.56e-45	155
5_37	7_10	100.000	33	0	0	199	231	1	33	5.26e-17	74.3
5_37	7_24	46.591	88	40	3	179	259	5	92	2.95e-14	64.3
5_37	7_9	52.778	36	17	0	187	222	930	965	8.05e-08	46.2
5_37	7_8	52.778	36	17	0	187	222	937	972	9.24e-08	45.8
5_37	7_6	25.773	97	67	2	167	263	50	141	1.07e-05	39.3
5_37	7_7	29.577	71	49	1	157	226	475	545	2.05e-05	38.1
5_37	7_49	31.183	93	45	2	188	279	121	195	3.49e-05	37.4
5_37	7_25	29.333	75	49	2	167	241	99	169	8.92e-05	35.0
5_37	7_12	41.667	36	21	0	191	226	115	150	1.13e-04	35.0
5_37	7_34	37.838	37	23	0	191	227	166	202	4.82e-04	33.5
5_37	7_32	29.487	78	53	1	148	225	58	133	6.98e-04	33.1
5_37	7_26	37.143	35	22	0	191	225	106	140	7.94e-04	32.3
5_37	7_27	36.842	38	24	0	188	225	48	85	8.24e-04	32.0
5_38	7_29	62.353	170	48	3	138	291	1	170	5.63e-64	197
5_38	7_42	48.214	56	29	0	241	296	80	135	2.79e-13	62.0
5_38	7_6	36.170	94	51	1	221	314	41	125	1.48e-12	61.2
5_38	7_19	38.750	80	44	2	238	317	74	148	4.34e-11	54.3
5_38	7_36	40.909	66	37	1	242	307	1	64	2.13e-10	52.0
5_38	7_45	32.222	90	52	2	238	318	530	619	8.53e-10	52.4
5_38	7_21	33.333	69	46	0	236	304	301	369	5.93e-09	49.3
5_38	7_32	30.303	66	46	0	232	297	68	133	2.57e-06	40.8
5_38	7_1	35.294	51	33	0	246	296	459	509	5.56e-06	40.0
5_38	7_49	32.203	59	40	0	238	296	99	157	2.07e-05	38.1
5_38	7_4	34.483	58	38	0	241	298	236	293	5.33e-05	36.6
5_38	7_12	30.000	60	42	0	238	297	90	149	8.55e-05	35.4
5_38	7_31	31.250	64	38	2	241	301	55	115	8.75e-05	35.8
5_38	7_46	25.714	70	51	1	238	306	53	122	9.30e-05	35.0
5_38	7_38	34.783	46	26	1	269	314	43	84	1.50e-04	35.0
5_38	7_44	33.333	45	30	0	246	290	130	174	2.10e-04	33.9
5_38	7_16	28.814	59	42	0	239	297	1017	1075	2.68e-04	34.7
5_38	7_15	28.814	59	42	0	239	297	999	1057	2.69e-04	34.7
5_38	7_22	24.096	83	48	2	229	296	83	165	3.86e-04	33.5
5_38	7_11	37.500	32	19	1	283	314	809	839	3.92e-04	34.3
5_38	7_34	26.531	98	63	3	243	337	146	237	4.01e-04	33.5
5_38	7_7	29.630	54	38	0	243	296	490	543	6.44e-04	33.5
5_39	7_46	69.811	159	38	3	83	238	42	193	2.55e-74	218
5_39	7_12	63.492	63	23	0	90	152	87	149	1.61e-24	90.1
5_39	7_27	53.947	76	32	1	90	165	26	98	9.09e-21	78.2
5_39	7_26	45.614	114	52	4	61	173	54	158	1.18e-19	77.0
5_39	7_49	57.143	63	27	0	92	154	98	160	1.61e-18	76.3
5_39	7_37	45.679	81	39	2	87	164	58	136	9.73e-18	71.6
5_39	7_34	34.932	146	81	3	18	152	58	200	1.61e-17	72.0
5_39	7_18	58.333	60	25	0	92	151	99	158	3.28e-17	70.1
5_39	7_31	49.254	67	34	0	86	152	45	111	4.18e-16	68.2
5_39	7_5	40.650	123	54	4	51	154	253	375	4.87e-15	65.9
5_39	7_32	45.161	62	34	0	92	153	73	134	8.15e-15	65.1
5_39	7_4	38.372	86	47	2	84	163	222	307	1.04e-13	61.6
5_39	7_21	42.623	61	35	0	92	152	302	362	1.23e-13	62.0
5_39	7_38	56.863	51	22	0	101	151	20	70	1.32e-13	61.6
5_39	7_25	41.667	72	37	1	80	151	87	153	2.58e-13	58.5
5_39	7_30	50.000	68	27	2	85	151	69	130	3.36e-13	58.9
5_39	7_6	34.177	79	52	0	92	170	48	126	8.41e-13	59.7
5_39	7_3	36.264	91	51	2	76	162	92	179	2.97e-12	55.8
5_39	7_1	48.936	47	24	0	105	151	463	509	5.44e-10	50.8
5_39	7_40	39.189	74	41	1	68	137	87	160	1.58e-09	48.5
5_39	7_39	42.857	63	34	1	77	137	106	168	4.96e-09	47.0
5_39	7_11	33.962	53	31	1	108	156	775	827	1.95e-08	46.2
5_39	7_47	32.184	87	52	1	63	142	96	182	4.08e-08	45.1
5_39	7_2	42.857	56	31	1	84	139	123	177	1.29e-07	43.5
5_39	7_28	43.750	48	27	0	92	139	193	240	1.33e-07	43.5
5_39	7_19	33.898	59	39	0	93	151	74	132	1.62e-07	42.4
5_39	7_35	40.000	40	24	0	113	152	17	56	2.15e-07	42.0
5_39	7_36	37.037	54	34	0	98	151	2	55	2.57e-07	41.6
5_39	7_0	32.812	64	43	0	87	150	426	489	1.40e-05	37.4
5_39	7_42	33.333	69	43	1	83	151	70	135	3.38e-05	35.8
5_39	7_22	26.316	95	47	2	94	173	93	179	3.90e-05	35.4
5_39	7_17	42.105	38	22	0	88	125	36	73	2.07e-04	33.5
5_39	7_7	33.333	57	38	0	95	151	487	543	3.14e-04	33.1
5_39	7_16	33.333	60	38	2	94	152	1017	1075	3.60e-04	33.1
5_39	7_15	33.333	60	38	2	94	152	999	1057	3.66e-04	33.1
5_40	7_4	43.151	292	126	7	57	331	45	313	1.55e-58	184
5_40	7_3	63.303	109	31	1	229	337	93	192	2.51e-44	143
5_40	7_31	57.895	57	24	0	253	309	54	110	5.24e-17	72.0
5_40	7_49	53.333	60	28	0	253	312	101	160	7.20e-17	73.2
5_40	7_12	52.459	61	29	0	249	309	88	148	4.25e-16	68.6
5_40	7_46	33.043	115	72	2	211	325	14	123	6.08e-16	67.4
5_40	7_5	45.455	77	39	1	237	310	297	373	2.03e-15	68.6
5_40	7_34	35.106	94	52	2	224	309	107	199	3.28e-14	63.9
5_40	7_32	35.185	108	59	3	243	343	66	169	2.60e-13	62.0
5_40	7_27	40.000	60	36	0	253	312	28	87	9.33e-13	57.4
5_40	7_18	38.462	78	44	1	232	309	85	158	2.15e-12	57.4
5_40	7_6	34.021	97	59	2	247	343	45	136	9.63e-12	57.8
5_40	7_26	44.231	52	29	0	258	309	88	139	1.44e-11	55.1
5_40	7_37	36.709	79	44	1	256	334	72	144	2.80e-11	54.3
5_40	7_25	42.105	57	33	0	253	309	97	153	7.79e-11	52.4
5_40	7_21	43.103	58	33	0	252	309	304	361	3.04e-10	52.8
5_40	7_38	40.845	71	39	1	259	326	20	90	3.05e-10	52.4
5_40	7_1	42.857	56	30	1	263	318	463	516	1.00e-09	51.2
5_40	7_42	38.333	60	37	0	250	309	76	135	8.30e-09	47.8
5_40	7_30	43.860	57	26	1	253	309	80	130	8.92e-08	43.9
5_40	7_35	39.130	46	28	0	270	315	16	61	4.73e-07	41.6
5_40	7_28	33.333	57	38	0	241	297	184	240	1.36e-06	41.2
5_40	7_43	42.188	64	28	2	240	303	385	439	1.70e-06	40.8
5_40	7_19	36.207	58	37	0	252	309	75	132	1.82e-06	40.0
5_40	7_0	31.579	57	39	0	252	308	433	489	5.66e-06	39.3
5_40	7_40	34.848	66	40	2	231	295	97	160	6.04e-06	38.5
5_40	7_39	38.776	49	29	1	248	295	120	168	1.35e-05	37.4
5_40	7_16	33.333	57	38	0	253	309	1018	1074	1.68e-05	38.1
5_40	7_15	33.333	57	38	0	253	309	1000	1056	1.75e-05	37.7
5_40	7_36	35.185	54	35	0	256	309	2	55	1.91e-05	36.6
5_40	7_2	35.714	56	36	0	242	297	122	177	9.87e-05	35.4
5_40	7_45	28.571	56	40	0	254	309	533	588	2.67e-04	34.3
5_40	7_7	26.667	60	44	0	250	309	484	543	4.79e-04	33.1
5_40	7_14	34.000	50	33	0	260	309	201	250	7.90e-04	32.3
5_41	7_27	83.721	129	21	0	181	309	10	138	4.67e-80	233
5_41	7_46	35.088	171	97	4	145	305	5	171	3.63e-21	82.0
5_41	7_26	53.968	63	29	0	205	267	89	151	2.93e-20	79.7
5_41	7_18	60.000	65	26	0	195	259	98	162	3.04e-20	79.7
5_41	7_34	55.000	60	27	0	197	256	141	200	2.91e-19	78.6
5_41	7_12	51.667	60	29	0	197	256	90	149	4.07e-18	73.9
5_41	7_38	45.455	88	47	1	197	284	12	98	1.11e-17	75.1
5_41	7_5	56.364	55	24	0	204	258	321	375	3.80e-17	73.6
5_41	7_49	49.351	77	36	2	195	269	95	170	8.27e-17	72.8
5_41	7_37	46.377	69	35	1	202	270	72	138	4.96e-15	65.1
5_41	7_32	36.957	92	54	1	197	288	74	161	1.15e-13	62.8
5_41	7_31	46.552	58	31	0	199	256	54	111	1.24e-13	62.0
5_41	7_4	41.667	60	35	0	196	255	232	291	3.20e-12	58.2
5_41	7_6	35.714	70	45	0	197	266	49	118	6.95e-12	58.2
5_41	7_3	43.860	57	32	0	199	255	108	164	9.18e-12	55.5
5_41	7_21	40.000	60	36	0	197	256	303	362	1.09e-11	57.0
5_41	7_25	39.130	69	40	1	197	265	95	161	2.67e-10	50.4
5_41	7_40	48.889	45	23	0	197	241	116	160	6.59e-09	47.4
5_41	7_7	34.375	96	59	2	160	255	452	543	7.13e-09	48.5
5_41	7_39	48.889	45	23	0	197	241	124	168	7.15e-09	47.4
5_41	7_30	36.842	76	39	2	197	269	78	147	1.91e-08	45.8
5_41	7_1	38.235	68	37	2	201	266	453	517	2.16e-08	47.0
5_41	7_35	38.333	60	34	2	210	269	12	68	2.09e-07	42.7
5_41	7_0	28.090	89	59	1	162	250	402	485	3.84e-07	42.7
5_41	7_11	41.026	39	20	1	235	270	802	840	7.90e-07	42.0
5_41	7_11	39.130	46	27	1	194	238	49	94	7.21e-05	35.8
5_41	7_19	32.895	76	48	2	190	265	69	141	1.08e-06	40.4
5_41	7_47	37.931	58	34	1	191	246	125	182	3.29e-05	36.6
5_41	7_28	36.170	47	30	0	197	243	194	240	8.92e-05	35.4
5_41	7_36	31.148	61	42	0	202	262	2	62	1.08e-04	34.3
5_41	7_42	32.353	68	43	1	199	266	79	143	4.81e-04	32.7
5_41	7_43	35.417	48	31	0	196	243	390	437	7.65e-04	32.3
5_41	7_14	40.000	40	23	1	218	256	212	251	0.001	32.0
5_42	7_35	73.626	91	24	0	104	194	16	106	5.72e-46	148
5_42	7_32	60.000	65	26	0	80	144	69	133	3.21e-25	97.1
5_42	7_6	56.757	74	31	1	84	156	48	121	1.15e-22	90.5
5_42	7_1	53.623	69	32	0	92	160	458	526	3.55e-22	88.6
5_42	7_21	50.000	68	34	0	82	149	300	367	6.56e-20	82.0
5_42	7_47	47.368	76	39	1	59	134	108	182	2.39e-17	73.9
5_42	7_28	50.769	65	29	1	67	131	179	240	2.52e-17	73.9
5_42	7_46	35.789	95	59	1	84	178	52	144	4.18e-17	70.5
5_42	7_12	43.103	58	33	0	87	144	92	149	3.19e-14	62.8
5_42	7_27	44.118	68	37	1	90	156	31	98	9.83e-13	57.0
5_42	7_31	31.214	173	94	6	52	217	21	175	1.06e-12	58.9
5_42	7_49	37.349	83	52	0	84	166	98	180	2.43e-12	58.9
5_42	7_2	51.064	47	23	0	85	131	131	177	2.53e-12	58.9
5_42	7_34	31.579	95	61	2	53	146	111	202	2.68e-11	55.1
5_42	7_19	27.586	174	113	4	53	224	43	205	3.05e-11	53.9
5_42	7_38	35.000	100	56	4	83	179	12	105	5.57e-11	54.7
5_42	7_4	35.443	79	48	1	68	143	213	291	5.80e-11	53.9
5_42	7_37	31.765	85	51	2	90	174	72	149	6.61e-11	53.1
5_42	7_43	46.667	45	24	0	87	131	393	437	8.54e-11	54.3
5_42	7_5	40.385	52	31	0	92	143	321	372	1.11e-10	53.5
5_42	7_36	39.394	66	38	1	90	155	2	65	5.68e-10	50.1
5_42	7_26	29.496	139	67	4	34	144	5	140	5.97e-10	50.1
5_42	7_3	38.596	57	35	0	87	143	108	164	1.38e-09	48.9
5_42	7_18	37.705	61	38	0	84	144	99	159	1.08e-08	46.6
5_42	7_42	40.000	60	36	0	87	146	79	138	1.36e-08	46.6
5_42	7_0	31.746	63	43	0	85	147	432	494	6.32e-07	42.0
5_42	7_7	33.929	56	37	0	88	143	488	543	1.12e-05	38.1
5_42	7_11	26.531	49	35	1	110	157	789	837	1.40e-05	38.1
5_42	7_39	32.143	56	37	1	75	129	113	168	1.50e-05	37.0
5_42	7_40	32.143	56	37	1	75	129	105	160	1.71e-05	37.0
5_42	7_25	30.882	68	46	1	87	153	97	164	1.99e-05	36.2
5_42	7_23	26.974	152	84	5	41	168	178	326	3.31e-05	36.6
5_42	7_45	25.000	80	59	1	67	146	513	591	8.08e-05	35.4
5_42	7_30	29.762	84	48	2	87	165	80	157	1.02e-04	34.3
5_42	7_16	28.814	59	42	0	87	145	1018	1076	6.32e-04	32.7
5_42	7_15	28.814	59	42	0	87	145	1000	1058	7.00e-04	32.7
5_42	7_14	26.230	61	45	0	87	147	194	254	0.001	32.0
5_42	7_22	25.333	75	41	1	87	146	94	168	0.001	31.6
5_43	7_34	70.213	94	25	1	175	268	141	231	8.30e-43	143
5_43	7_26	45.122	82	43	1	182	263	88	167	1.52e-16	69.7
5_43	7_18	33.140	172	93	8	120	282	55	213	1.64e-16	69.7
5_43	7_27	40.541	74	44	0	175	248	26	99	9.75e-16	65.9
5_43	7_46	43.590	78	44	0	177	254	55	132	1.84e-15	66.2
5_43	7_12	54.386	57	26	0	177	233	92	148	4.14e-15	65.9
5_43	7_38	46.377	69	37	0	168	236	5	73	8.76e-15	66.6
5_43	7_37	47.619	63	32	1	179	241	71	132	2.25e-14	63.5
5_43	7_31	41.935	62	36	0	174	235	51	112	4.31e-14	63.5
5_43	7_49	41.176	68	40	0	172	239	96	163	1.48e-13	63.2
5_43	7_5	50.943	53	26	0	183	235	322	374	1.35e-12	60.1
5_43	7_30	37.975	79	45	2	175	251	78	154	1.13e-11	55.5
5_43	7_6	33.333	72	48	0	175	246	49	120	1.74e-10	53.9
5_43	7_4	41.818	55	32	0	180	234	238	292	3.43e-10	52.0
5_43	7_21	34.722	72	45	1	172	241	298	369	5.17e-10	52.4
5_43	7_25	35.897	78	42	1	174	243	94	171	6.00e-10	49.7
5_43	7_32	33.766	77	50	1	157	233	57	132	7.11e-10	51.6
5_43	7_3	40.385	52	31	0	183	234	114	165	9.85e-09	46.6
5_43	7_1	41.176	51	30	0	187	237	463	513	5.03e-08	45.8
5_43	7_39	44.186	43	24	0	177	219	126	168	2.17e-07	43.1
5_43	7_40	44.186	43	24	0	177	219	118	160	2.32e-07	42.7
5_43	7_7	33.898	59	39	0	175	233	485	543	8.90e-07	42.0
5_43	7_19	27.950	161	81	6	176	330	74	205	1.71e-06	40.0
5_43	7_28	38.462	52	32	0	170	221	189	240	1.92e-05	37.7
5_43	7_35	31.034	58	39	1	195	251	17	74	2.79e-05	36.6
5_43	7_47	38.000	50	31	0	175	224	133	182	3.14e-05	37.0
5_43	7_16	32.203	59	40	0	177	235	1018	1076	4.99e-05	36.6
5_43	7_15	32.203	59	40	0	177	235	1000	1058	5.16e-05	36.6
5_43	7_42	34.483	58	38	0	180	237	82	139	6.95e-05	35.4
5_43	7_22	26.061	165	84	8	177	310	94	251	9.76e-05	35.0
5_43	7_13	31.325	83	41	3	158	236	8	78	1.49e-04	34.7
5_43	7_43	36.765	68	38	2	158	221	371	437	3.83e-04	33.5
5_43	7_29	28.571	49	35	0	180	228	122	170	5.50e-04	32.3
5_43	7_24	43.590	39	22	0	194	232	11	49	6.59e-04	32.3
5_44	7_49	66.667	96	32	0	223	318	85	180	2.79e-38	136
5_44	7_46	56.667	60	26	0	236	295	52	111	1.76e-19	77.8
5_44	7_12	57.627	59	25	0	237	295	90	148	2.90e-19	77.8
5_44	7_27	45.333	75	37	1	237	311	26	96	8.51e-17	68.9
5_44	7_37	38.017	121	68	3	230	347	57	173	5.01e-16	68.6
5_44	7_26	57.692	52	22	0	244	295	88	139	5.53e-16	68.2
5_44	7_4	50.000	58	29	0	239	296	235	292	1.25e-15	68.6
5_44	7_34	46.154	65	35	0	236	300	140	204	5.45e-15	66.6
5_44	7_5	54.545	55	25	0	244	298	321	375	8.98e-15	66.6
5_44	7_31	43.056	72	41	0	237	308	52	123	1.81e-14	64.7
5_44	7_3	47.368	57	30	0	239	295	108	164	4.49e-14	62.4
5_44	7_32	46.875	64	34	0	232	295	69	132	6.02e-14	64.3
5_44	7_18	38.272	81	50	0	233	313	96	176	3.13e-13	60.1
5_44	7_21	43.333	60	34	0	236	295	302	361	7.59e-13	61.2
5_44	7_6	39.080	87	45	3	236	320	48	128	1.41e-12	60.5
5_44	7_38	48.529	68	33	1	236	303	13	78	2.80e-12	58.9
5_44	7_19	30.508	118	79	1	189	303	23	140	3.41e-12	57.0
5_44	7_25	37.838	74	38	1	237	302	95	168	5.49e-12	55.8
5_44	7_1	33.028	109	57	2	248	340	462	570	6.26e-12	58.2
5_44	7_36	42.857	63	34	1	241	301	1	63	1.01e-09	49.7
5_44	7_30	34.884	86	42	2	218	303	67	138	1.84e-08	46.2
5_44	7_0	41.935	62	35	1	233	294	429	489	3.95e-08	46.2
5_44	7_42	36.585	82	47	1	239	320	79	155	1.11e-07	44.3
5_44	7_28	45.833	48	26	0	236	283	193	240	1.79e-07	43.9
5_44	7_40	43.478	46	26	0	236	281	115	160	3.09e-07	42.4
5_44	7_39	43.478	46	26	0	236	281	123	168	3.29e-07	42.4
5_44	7_11	27.273	66	44	1	241	306	772	833	3.57e-07	43.5
5_44	7_35	46.341	41	18	2	257	295	17	55	3.78e-07	42.0
5_44	7_2	48.936	47	24	0	237	283	131	177	5.43e-07	42.7
5_44	7_22	23.243	185	107	5	195	348	41	221	1.20e-06	40.8
5_44	7_47	43.137	51	29	0	236	286	132	182	1.29e-06	41.2
5_44	7_7	35.593	59	38	0	239	297	487	545	2.37e-06	40.8
5_44	7_17	53.333	30	14	0	239	268	43	72	9.77e-06	38.5
5_44	7_29	30.909	55	38	0	236	290	116	170	2.78e-04	33.1
5_44	7_13	29.487	78	46	1	259	327	39	116	7.11e-04	32.7
5_45	7_34	36.709	79	50	0	36	114	123	201	9.21e-11	54.7
5_45	7_49	35.632	87	50	1	53	133	98	184	2.04e-10	54.7
5_45	7_26	40.000	55	33	0	62	116	89	143	1.03e-09	50.8
5_45	7_32	38.095	63	39	0	51	113	71	133	1.26e-09	52.0
5_45	7_27	35.897	78	50	0	49	126	21	98	3.34e-09	48.1
5_45	7_38	40.984	61	36	0	54	114	12	72	4.13e-09	50.4
5_45	7_25	37.879	66	41	0	46	111	87	152	6.09e-09	47.8
5_45	7_31	32.143	84	50	2	59	142	57	133	6.91e-09	48.9
5_45	7_18	35.366	82	49	1	53	130	99	180	9.07e-09	48.1
5_45	7_37	32.000	75	46	1	59	128	72	146	1.25e-08	47.8
5_45	7_12	37.705	61	36	1	58	118	94	152	2.25e-08	47.0
5_45	7_5	40.741	54	32	0	61	114	321	374	6.19e-08	46.6
5_45	7_46	29.412	136	82	5	38	160	37	171	1.21e-07	44.3
5_45	7_4	33.962	53	35	0	59	111	238	290	1.87e-07	44.7
5_45	7_21	36.232	69	40	1	51	115	300	368	2.16e-07	45.1
5_45	7_3	33.962	53	35	0	59	111	111	163	2.79e-06	40.0
5_45	7_1	34.783	69	36	2	61	120	456	524	1.06e-05	39.7
5_45	7_47	44.737	38	21	0	42	79	121	158	1.83e-05	38.9
5_45	7_6	29.688	64	45	0	53	116	48	111	3.00e-05	38.5
5_45	7_0	31.746	63	43	0	45	107	423	485	5.94e-05	37.4
5_45	7_16	23.881	134	82	2	59	179	1021	1147	3.82e-04	34.7
5_45	7_15	23.881	134	82	2	59	179	1003	1129	4.37e-04	34.7
5_45	7_11	61.111	18	7	0	98	115	808	825	4.59e-04	34.7
5_45	7_45	30.000	60	42	0	54	113	530	589	5.66e-04	34.3
5_45	7_30	36.207	58	31	1	54	111	78	129	0.001	32.7
5_46	7_20	37.179	156	94	2	5	158	9	162	2.72e-37	122
5_47	7_12	57.895	57	24	0	178	234	92	148	2.91e-18	75.9
5_47	7_31	56.897	58	25	0	177	234	53	110	1.56e-16	72.0
5_47	7_3	56.452	62	27	0	178	239	108	169	6.20e-16	68.6
5_47	7_34	35.714	98	54	2	146	234	102	199	1.88e-15	68.9
5_47	7_46	41.176	85	46	2	170	254	48	128	2.08e-15	67.0
5_47	7_25	41.975	81	44	1	171	251	90	167	3.62e-15	65.9
5_47	7_4	45.122	82	45	0	178	259	235	316	5.32e-15	67.8
5_47	7_5	59.615	52	21	0	183	234	321	372	4.80e-14	65.9
5_47	7_49	52.632	57	27	0	178	234	101	157	4.87e-14	66.2
5_47	7_27	35.714	70	45	0	178	247	28	97	2.77e-13	59.7
5_47	7_18	39.024	82	43	1	175	256	99	173	7.04e-13	60.1
5_47	7_26	46.154	52	28	0	183	234	88	139	8.64e-13	59.7
5_47	7_37	38.571	70	37	1	181	250	72	135	1.23e-11	56.6
5_47	7_38	55.319	47	21	0	188	234	24	70	5.22e-11	56.2
5_47	7_30	39.759	83	37	2	170	252	72	141	7.73e-11	53.9
5_47	7_21	42.857	63	36	0	172	234	299	361	8.05e-10	52.8
5_47	7_32	36.986	73	45	1	163	234	60	132	1.07e-09	52.0
5_47	7_6	35.526	76	43	2	173	245	46	118	2.76e-09	51.2
5_47	7_1	41.304	46	22	2	209	254	484	524	4.24e-07	44.3
5_47	7_39	41.304	46	27	0	175	220	123	168	9.28e-06	38.9
5_47	7_40	41.304	46	27	0	175	220	115	160	9.34e-06	38.9
5_47	7_7	31.944	72	43	2	166	234	475	543	1.56e-05	39.3
5_47	7_35	33.333	57	33	3	189	245	14	65	1.20e-04	35.4
5_47	7_42	33.824	68	42	1	178	245	79	143	1.75e-04	35.4
5_47	7_29	28.814	59	42	0	172	230	113	171	2.38e-04	34.3
5_47	7_45	31.183	93	51	5	158	240	505	594	4.41e-04	34.7
5_47	7_43	33.333	75	42	4	153	222	366	437	5.25e-04	34.3
5_47	7_28	26.667	105	76	1	119	222	136	240	5.81e-04	33.9
5_47	7_19	31.034	58	40	0	178	235	76	133	6.13e-04	33.1
5_47	7_14	26.744	86	54	2	153	238	178	254	6.91e-04	33.9
5_48	7_5	75.591	127	22	3	189	311	294	415	1.68e-56	181
5_48	7_12	54.795	73	32	1	203	275	88	159	2.18e-22	85.9
5_48	7_46	43.299	97	44	2	170	266	29	114	8.54e-20	78.2
5_48	7_27	56.140	57	25	0	210	266	31	87	1.44e-19	76.3
5_48	7_32	38.835	103	56	2	188	286	60	159	1.92e-18	77.0
5_48	7_49	54.839	62	28	0	205	266	99	160	1.95e-17	74.3
5_48	7_26	50.000	60	30	0	212	271	88	147	4.00e-17	70.9
5_48	7_31	50.794	63	31	0	205	267	52	114	9.41e-17	70.9
5_48	7_34	54.386	57	26	0	207	263	143	199	9.52e-17	71.2
5_48	7_38	53.968	63	24	1	203	265	15	72	2.02e-16	70.9
5_48	7_18	55.932	59	26	0	205	263	100	158	4.63e-16	67.8
5_48	7_4	53.448	58	27	0	207	264	235	292	4.09e-15	66.6
5_48	7_3	52.632	57	27	0	207	263	108	164	6.39e-15	64.3
5_48	7_37	41.111	90	48	2	204	288	63	152	1.69e-14	63.5
5_48	7_25	36.559	93	51	2	195	284	82	169	7.38e-14	60.8
5_48	7_21	43.478	69	39	0	208	276	306	374	1.57e-13	62.8
5_48	7_6	44.068	59	33	0	205	263	49	107	8.94e-13	60.5
5_48	7_30	46.479	71	29	3	197	265	69	132	1.95e-11	54.7
5_48	7_7	37.705	61	38	0	204	264	484	544	1.27e-08	47.4
5_48	7_1	34.615	78	44	1	217	287	463	540	2.58e-08	46.6
5_48	7_47	36.620	71	39	1	184	254	118	182	2.84e-08	46.2
5_48	7_28	37.500	80	43	3	178	251	162	240	4.04e-08	45.8
5_48	7_35	36.957	46	29	0	218	263	10	55	4.83e-08	44.7
5_48	7_40	31.765	85	50	2	199	279	110	190	1.96e-07	42.7
5_48	7_39	31.765	85	50	2	199	279	118	198	1.97e-07	42.7
5_48	7_11	68.182	22	7	0	242	263	801	822	2.34e-07	43.5
5_48	7_11	32.184	87	53	4	170	254	19	101	1.25e-05	38.1
5_48	7_0	34.483	58	38	0	205	262	432	489	5.53e-07	42.4
5_48	7_42	32.468	77	52	0	189	265	61	137	7.31e-07	41.6
5_48	7_19	30.508	59	41	0	205	263	74	132	1.03e-05	37.4
5_48	7_43	42.222	45	26	0	207	251	393	437	2.15e-05	37.4
5_48	7_17	51.351	37	18	0	200	236	36	72	2.73e-05	37.0
5_48	7_22	28.736	87	47	2	193	264	80	166	5.33e-05	35.4
5_48	7_36	33.333	54	36	0	210	263	2	55	7.70e-05	34.7
5_49	7_42	56.522	92	33	3	323	414	77	161	1.56e-24	95.5
5_49	7_36	53.704	54	25	0	330	383	2	55	8.35e-13	59.3
5_49	7_19	51.852	54	26	0	330	383	79	132	5.07e-12	57.4
5_49	7_29	42.424	66	38	0	313	378	105	170	6.37e-12	56.6
5_49	7_29	41.463	41	23	1	126	166	2	41	8.22e-08	44.3
5_49	7_32	45.714	70	35	1	325	391	74	143	2.33e-11	57.0
5_49	7_45	40.741	54	32	0	330	383	535	588	2.51e-10	54.3
5_49	7_6	45.763	59	32	0	325	383	49	107	6.73e-10	53.1
5_49	7_21	40.506	79	45	2	307	383	283	361	9.91e-10	52.4
5_49	7_4	41.071	56	33	0	329	384	237	292	2.59e-08	47.0
5_49	7_7	36.364	66	42	0	325	390	485	550	2.94e-08	47.8
5_49	7_1	45.833	48	26	0	336	383	462	509	4.32e-08	47.0
5_49	7_34	32.184	87	52	1	311	390	120	206	4.01e-07	43.1
5_49	7_49	31.132	106	63	2	321	420	95	196	6.07e-07	43.1
5_49	7_25	32.857	70	44	1	317	386	90	156	7.12e-07	41.2
5_49	7_16	33.333	66	42	1	320	385	1013	1076	7.19e-07	43.1
5_49	7_15	33.333	66	42	1	320	385	995	1058	7.24e-07	43.1
5_49	7_38	51.515	33	16	0	356	388	43	75	1.10e-06	42.4
5_49	7_3	35.088	57	37	0	327	383	108	164	1.58e-06	40.4
5_49	7_43	40.625	64	37	1	308	371	375	437	4.35e-06	40.4
5_49	7_35	48.837	43	22	0	345	387	17	59	5.17e-06	39.3
5_49	7_31	31.507	73	50	0	313	385	40	112	7.13e-06	39.3
5_49	7_18	35.593	59	38	0	325	383	100	158	1.30e-05	38.1
5_49	7_12	33.898	59	39	0	325	383	90	148	1.33e-05	38.1
5_49	7_22	27.083	96	52	2	311	391	78	170	1.99e-05	37.7
5_49	7_37	35.135	74	42	2	323	393	68	138	2.64e-05	37.0
5_49	7_27	33.898	59	39	0	325	383	26	84	6.86e-05	35.0
5_49	7_46	31.579	57	39	0	327	383	55	111	1.73e-04	34.7
5_49	7_5	33.333	51	34	0	335	385	324	374	1.77e-04	35.0
5_49	7_28	27.193	114	76	3	264	371	128	240	2.05e-04	35.0
5_49	7_0	26.562	64	47	0	324	387	431	494	2.82e-04	34.7
5_49	7_47	34.177	79	42	2	296	374	114	182	3.21e-04	34.3
5_49	7_26	34.783	69	42	2	337	404	93	159	7.30e-04	32.7
5_50	7_25	49.383	81	39	1	145	225	90	168	8.63e-20	76.3
5_50	7_12	49.153	59	30	0	152	210	92	150	3.37e-16	67.8
5_50	7_31	50.000	60	30	0	150	209	52	111	4.62e-15	65.1
5_50	7_27	45.000	60	33	0	150	209	26	85	1.47e-14	61.6
5_50	7_26	49.057	53	27	0	157	209	88	140	2.04e-14	62.4
5_50	7_34	46.667	60	32	0	150	209	141	200	2.40e-14	63.2
5_50	7_5	56.863	51	22	0	158	208	322	372	4.86e-14	62.8
5_50	7_49	36.170	94	56	1	142	235	91	180	1.13e-13	62.0
5_50	7_38	46.032	63	34	0	150	212	12	74	2.63e-13	60.8
5_50	7_37	34.188	117	56	3	152	252	66	177	2.74e-13	59.3
5_50	7_46	40.984	61	36	0	152	212	55	115	5.25e-13	58.2
5_50	7_3	44.776	67	37	0	148	214	104	170	6.74e-13	57.8
5_50	7_6	33.645	107	68	1	150	253	49	155	7.87e-13	59.7
5_50	7_4	43.210	81	39	2	152	232	235	308	1.48e-12	58.2
5_50	7_18	45.588	68	35	1	150	217	100	165	3.52e-12	56.2
5_50	7_32	41.667	60	35	0	150	209	74	133	9.79e-12	55.8
5_50	7_21	38.356	73	41	2	141	209	290	362	4.34e-11	54.3
5_50	7_30	36.364	77	43	1	150	226	78	148	1.15e-08	45.8
5_50	7_35	37.313	67	41	1	164	229	11	77	1.59e-08	45.4
5_50	7_11	37.736	53	29	1	164	216	782	830	2.44e-08	46.2
5_50	7_19	30.667	75	51	1	147	221	71	144	5.07e-07	40.8
5_50	7_13	28.261	92	62	1	169	256	36	127	9.66e-07	40.8
5_50	7_14	27.273	99	71	1	142	239	184	282	1.56e-06	40.4
5_50	7_7	27.397	73	53	0	138	210	473	545	2.44e-06	39.7
5_50	7_1	36.000	50	32	0	162	211	463	512	8.38e-06	38.1
5_50	7_28	37.097	62	32	1	142	196	179	240	9.95e-06	37.7
5_50	7_36	30.303	66	40	1	155	214	2	67	2.24e-05	35.8
5_50	7_45	29.231	65	46	0	147	211	527	591	4.56e-05	35.8
5_50	7_47	36.000	50	32	0	150	199	133	182	7.72e-05	35.0
5_50	7_40	39.535	43	26	0	152	194	118	160	4.80e-04	32.0
5_50	7_39	37.778	45	28	0	150	194	124	168	4.83e-04	32.0
5_50	7_0	27.143	70	49	2	144	212	426	494	5.66e-04	32.3
5_51	7_20	32.812	256	120	3	2	255	3	208	1.37e-49	160
5_52	7_33	90.385	52	3	1	39	90	54	103	9.01e-27	101
5_52	7_13	39.683	63	38	0	231	293	13	75	7.42e-12	57.8
5_52	7_14	38.095	63	39	0	231	293	188	250	9.75e-11	54.7
5_52	7_24	43.750	48	27	0	248	295	5	52	1.91e-09	49.7
5_52	7_22	35.000	80	34	2	234	298	94	170	8.91e-08	44.7
5_52	7_44	30.392	102	48	3	185	286	95	173	1.14e-07	43.5
5_52	7_32	28.440	109	66	3	234	341	76	173	1.52e-07	44.3
5_52	7_0	25.962	104	74	1	192	295	392	492	1.23e-06	41.6
5_52	7_3	43.243	37	21	0	260	296	131	167	1.93e-06	40.0
5_52	7_8	44.444	36	20	0	256	291	937	972	2.75e-06	40.8
5_52	7_9	44.444	36	20	0	256	291	930	965	3.05e-06	40.8
5_52	7_16	33.333	60	37	1	234	293	1018	1074	3.21e-06	40.4
5_52	7_15	33.333	60	37	1	234	293	1000	1056	3.29e-06	40.4
5_52	7_46	29.851	67	44	1	234	300	55	118	2.35e-05	36.6
5_52	7_1	40.000	35	21	0	260	294	476	510	5.29e-05	36.6
5_52	7_21	42.857	35	20	0	259	293	327	361	5.63e-05	36.6
5_52	7_36	29.231	65	43	1	237	301	2	63	9.22e-05	35.0
5_52	7_25	32.787	61	36	2	234	293	97	153	1.08e-04	34.3
5_52	7_4	32.308	65	41	2	232	296	233	294	2.62e-04	33.9
5_52	7_6	28.767	73	46	2	224	293	38	107	4.49e-04	33.5
5_52	7_18	29.032	62	41	1	234	295	102	160	6.13e-04	32.3
5_53	7_21	92.000	25	2	0	1	25	343	367	1.80e-12	56.2
5_53	7_1	41.558	77	40	3	1	76	491	563	1.37e-09	48.1
5_53	7_6	65.217	23	8	0	3	25	91	113	2.86e-08	44.3
5_53	7_35	71.429	21	6	0	1	21	37	57	9.72e-08	42.0
5_53	7_32	75.000	20	5	0	1	20	114	133	1.10e-07	42.4
5_53	7_12	60.000	20	8	0	1	20	130	149	1.18e-06	38.9
5_53	7_38	61.905	21	8	0	1	21	52	72	1.74e-06	38.9
5_53	7_11	64.706	17	6	0	5	21	808	824	2.00e-06	38.9
5_53	7_5	68.421	19	6	0	1	19	354	372	2.37e-06	38.5
5_53	7_26	55.000	20	9	0	1	20	121	140	5.30e-06	37.0
5_53	7_37	66.667	18	6	0	1	18	107	124	1.88e-05	35.4
5_53	7_27	40.000	25	15	0	1	25	66	90	6.01e-05	33.5
5_53	7_3	57.895	19	8	0	1	19	146	164	7.37e-05	33.5
5_53	7_4	57.895	19	8	0	1	19	273	291	1.01e-04	33.5
5_53	7_19	39.216	51	21	2	1	48	114	157	1.10e-04	33.1
5_53	7_46	45.000	20	11	0	1	20	93	112	1.14e-04	32.7
5_53	7_49	44.000	25	14	0	1	25	139	163	1.49e-04	33.1
5_53	7_42	39.286	56	31	1	6	58	122	177	2.65e-04	32.0
5_53	7_36	44.828	29	13	1	1	26	37	65	3.24e-04	31.6
5_53	7_25	63.158	19	7	0	1	19	135	153	3.49e-04	31.2
5_53	7_34	37.037	27	17	0	1	27	181	207	8.50e-04	30.4
5_53	7_45	80.000	15	3	0	6	20	575	589	0.001	30.8
5_54	7_25	56.250	64	28	0	165	228	90	153	2.51e-19	75.1
5_54	7_31	50.000	64	32	0	170	233	52	115	3.11e-16	68.6
5_54	7_34	50.000	62	31	0	170	231	141	202	9.11e-16	67.0
5_54	7_12	51.724	58	28	0	172	229	92	149	1.82e-14	62.8
5_54	7_26	46.429	56	30	0	177	232	88	143	3.95e-13	58.5
5_54	7_3	50.820	61	30	0	168	228	104	164	4.74e-13	58.2
5_54	7_49	37.500	88	48	1	162	249	91	171	5.60e-13	59.7
5_54	7_4	43.373	83	46	1	146	228	210	291	7.26e-13	58.9
5_54	7_46	35.870	92	50	1	148	239	40	122	9.26e-13	57.4
5_54	7_18	39.744	78	45	1	170	247	100	175	1.17e-12	57.4
5_54	7_27	37.838	74	44	1	170	243	26	97	4.76e-12	54.7
5_54	7_5	52.941	51	24	0	178	228	322	372	5.27e-12	56.6
5_54	7_38	45.000	60	33	0	169	228	11	70	1.14e-11	55.8
5_54	7_30	37.634	93	51	2	154	246	63	148	4.19e-11	53.1
5_54	7_6	35.526	76	49	0	170	245	49	124	2.45e-10	52.0
5_54	7_37	32.584	89	53	2	172	253	66	154	3.83e-10	50.1
5_54	7_32	39.344	61	37	0	170	230	74	134	3.45e-09	48.1
5_54	7_21	31.707	82	56	0	170	251	303	384	4.67e-09	48.1
5_54	7_7	26.168	107	76	1	122	228	440	543	1.28e-06	40.4
5_54	7_0	26.042	96	54	3	155	234	402	496	3.08e-05	36.2
5_54	7_19	29.231	65	46	0	167	231	71	135	3.66e-05	35.4
5_54	7_42	36.842	57	36	0	172	228	79	135	1.20e-04	33.9
5_54	7_14	34.483	58	35	1	175	229	194	251	2.91e-04	33.1
5_54	7_45	22.388	67	52	0	167	233	527	593	3.40e-04	33.1
5_54	7_13	34.483	58	35	1	175	229	19	76	3.76e-04	32.7
5_54	7_28	35.000	60	32	1	164	216	181	240	4.92e-04	32.3
5_55	7_15	45.588	68	36	1	291	357	874	941	2.36e-12	60.8
5_55	7_15	36.667	120	61	5	235	352	411	517	4.13e-12	60.1
5_55	7_15	38.596	57	35	0	444	500	998	1054	7.83e-08	46.2
5_55	7_16	45.588	68	36	1	291	357	892	959	2.43e-12	60.8
5_55	7_16	36.667	120	61	5	235	352	411	517	4.25e-12	60.1
5_55	7_16	38.596	57	35	0	444	500	1016	1072	7.92e-08	46.2
5_55	7_37	40.816	49	29	0	449	497	72	120	6.09e-06	39.3
5_55	7_22	29.630	81	41	2	445	510	93	172	2.16e-05	37.7
5_55	7_4	30.556	72	45	1	426	497	220	286	2.42e-04	34.7
5_55	7_46	28.571	77	48	1	430	499	32	108	2.80e-04	33.9
5_55	7_9	41.026	39	23	0	470	508	935	973	4.51e-04	34.3
5_55	7_8	41.026	39	23	0	470	508	942	980	4.55e-04	34.3
5_56	7_25	58.730	63	26	0	176	238	97	159	2.86e-20	78.6
5_56	7_12	50.847	59	29	0	176	234	92	150	3.65e-17	70.9
5_56	7_5	48.684	76	31	2	182	251	322	395	5.65e-17	72.4
5_56	7_31	43.590	78	42	1	173	250	51	126	9.25e-16	67.8
5_56	7_27	45.000	60	33	0	174	233	26	85	2.15e-15	64.3
5_56	7_26	49.057	53	27	0	181	233	88	140	7.62e-15	64.3
5_56	7_4	52.542	59	28	0	174	232	233	291	1.76e-14	64.3
5_56	7_18	35.000	120	75	2	174	293	100	216	3.26e-14	62.4
5_56	7_46	42.373	59	34	0	176	234	55	113	2.48e-13	59.7
5_56	7_37	33.962	106	64	3	179	282	72	173	3.06e-13	59.7
5_56	7_34	41.667	60	35	0	174	233	141	200	3.79e-13	60.5
5_56	7_3	50.847	59	29	0	174	232	106	164	4.22e-13	58.9
5_56	7_49	47.368	57	30	0	176	232	101	157	6.71e-13	60.5
5_56	7_32	42.254	71	38	1	174	241	74	144	8.89e-13	59.7
5_56	7_38	50.000	52	26	0	186	237	24	75	1.24e-12	59.3
5_56	7_21	40.625	64	38	0	170	233	299	362	1.74e-11	56.2
5_56	7_11	38.000	50	27	1	188	237	782	827	7.35e-09	48.1
5_56	7_6	35.385	65	42	0	174	238	49	113	1.61e-08	47.0
5_56	7_35	38.462	52	28	2	185	236	12	59	2.34e-07	42.4
5_56	7_30	39.655	58	29	1	175	232	79	130	1.09e-06	40.4
5_56	7_19	32.203	59	40	0	174	232	74	132	2.15e-06	39.3
5_56	7_7	29.730	74	52	0	169	242	480	553	2.74e-06	40.0
5_56	7_36	29.268	123	76	4	179	295	2	119	6.82e-06	37.7
5_56	7_1	32.468	77	45	2	186	260	463	534	8.46e-06	38.5
5_56	7_13	28.571	84	52	2	156	236	1	79	1.40e-05	37.7
5_56	7_28	39.655	58	34	1	164	220	183	240	2.05e-05	37.0
5_56	7_14	32.787	61	38	1	179	236	194	254	3.81e-05	36.2
5_56	7_42	27.119	118	69	3	168	269	64	180	6.35e-05	35.4
5_56	7_29	32.258	62	29	2	177	228	113	171	1.11e-04	33.9
5_56	7_45	28.070	57	41	0	177	233	533	589	2.08e-04	34.3
5_56	7_39	34.043	47	31	0	172	218	122	168	5.50e-04	32.3
5_56	7_40	34.043	47	31	0	172	218	114	160	5.76e-04	32.0
5_56	7_22	35.632	87	38	4	170	241	88	171	6.21e-04	32.3
5_57	7_12	33.684	95	59	2	363	455	92	184	1.59e-11	56.2
5_57	7_49	42.623	61	30	2	363	420	98	156	1.09e-09	52.4
5_57	7_4	42.593	54	29	1	363	416	235	286	1.29e-09	51.2
5_57	7_21	34.091	88	52	2	366	453	308	389	1.44e-09	52.0
5_57	7_3	42.593	54	29	1	363	416	108	159	1.72e-09	49.7
5_57	7_46	40.741	54	30	1	363	416	55	106	4.43e-09	48.5
5_57	7_31	39.062	64	34	2	363	423	54	115	2.14e-08	47.4
5_57	7_25	34.483	58	33	2	363	420	100	152	4.61e-08	45.1
5_57	7_34	41.071	56	31	1	363	418	143	196	6.82e-08	45.8
5_57	7_27	40.741	54	30	2	363	416	28	79	1.18e-07	43.5
5_57	7_32	37.931	58	34	1	363	420	76	131	5.20e-07	43.5
5_57	7_5	41.667	48	26	1	369	416	322	367	7.92e-07	42.7
5_57	7_26	42.105	57	29	2	369	423	89	143	1.30e-06	41.2
5_57	7_37	38.462	52	30	1	369	420	75	124	4.56e-06	39.7
5_57	7_1	50.000	30	15	0	391	420	479	508	5.00e-06	40.4
5_57	7_38	32.895	76	39	3	359	424	3	76	8.87e-06	39.3
5_57	7_6	34.483	58	36	1	363	420	51	106	1.66e-05	38.9
5_57	7_42	25.620	121	76	3	352	460	68	186	1.66e-05	38.1
5_57	7_18	35.185	54	33	1	363	416	102	153	6.77e-05	35.8
5_57	7_19	29.358	109	57	5	363	454	76	181	7.19e-05	35.8
5_57	7_30	46.512	43	21	1	363	405	80	120	9.92e-05	35.4
5_57	7_36	34.545	55	34	1	366	420	2	54	1.72e-04	34.7
5_57	7_45	30.159	63	36	2	366	425	535	592	6.19e-04	33.9
5_58	7_8	78.632	117	25	0	67	183	64	180	3.64e-63	213
5_58	7_8	83.784	74	11	1	329	401	937	1010	3.58e-39	142
5_58	7_8	53.333	120	38	4	230	331	290	409	1.30e-29	114
5_58	7_9	74.219	128	32	1	56	183	54	180	6.59e-63	212
5_58	7_9	83.784	74	11	1	329	401	930	1003	5.24e-39	142
5_58	7_9	44.737	114	50	3	230	331	290	402	2.95e-22	91.7
5_58	7_13	43.750	64	32	1	301	364	14	73	1.71e-13	63.2
5_58	7_14	27.143	140	77	4	301	436	187	305	5.95e-13	62.0
5_58	7_24	47.727	44	23	0	321	364	5	48	5.38e-12	57.4
5_58	7_44	40.000	40	21	1	320	359	137	173	8.10e-05	35.0
5_58	7_10	52.174	23	11	0	342	364	2	24	8.13e-04	32.7
5_59	7_6	55.172	29	13	0	1	29	79	107	9.87e-08	43.9
5_59	7_35	39.024	41	25	0	3	43	29	69	1.33e-07	42.7
5_59	7_32	53.333	30	14	0	3	32	106	135	4.90e-07	41.6
5_59	7_1	48.148	27	14	0	3	29	483	509	6.83e-07	41.2
5_59	7_21	55.556	27	12	0	3	29	335	361	9.90e-07	40.8
5_59	7_19	27.273	66	48	0	2	67	105	170	1.35e-06	39.7
5_59	7_3	46.875	32	17	0	3	34	138	169	1.67e-06	39.3
5_59	7_4	44.118	34	19	0	5	38	267	300	2.98e-06	38.9
5_59	7_45	50.000	28	14	0	2	29	561	588	4.32e-06	38.9
5_59	7_36	28.205	39	28	0	2	40	28	66	1.56e-04	33.1
5_59	7_27	24.390	41	31	0	5	45	60	100	3.08e-04	32.0
5_59	7_37	38.462	26	16	0	3	28	99	124	3.44e-04	32.3
5_59	7_12	31.818	44	27	1	5	45	124	167	4.21e-04	32.0
5_59	7_31	38.462	26	16	0	4	29	85	110	4.42e-04	32.3
5_60	7_0	89.011	182	15	1	336	517	320	496	4.06e-119	352
5_60	7_7	38.922	167	91	3	360	519	391	553	6.52e-35	130
5_60	7_46	37.288	59	37	0	453	511	53	111	1.10e-07	44.3
5_60	7_49	40.984	61	35	1	451	510	96	156	1.17e-07	45.4
5_60	7_32	31.944	72	44	1	447	513	63	134	5.63e-07	43.1
5_60	7_22	25.397	189	97	10	364	524	5	177	1.04e-06	42.0
5_60	7_25	28.571	77	55	0	442	518	84	160	1.14e-06	40.8
5_60	7_21	29.310	58	41	0	453	510	303	360	5.99e-06	40.0
5_60	7_27	32.143	56	38	0	451	506	24	79	7.91e-06	37.7
5_60	7_31	31.343	67	46	0	455	521	54	120	8.72e-06	38.9
5_60	7_4	32.258	62	41	1	450	511	231	291	1.51e-05	38.5
5_60	7_12	32.759	58	39	0	453	510	90	147	6.04e-05	36.2
5_60	7_18	29.851	67	47	0	451	517	98	164	9.77e-05	35.4
5_60	7_6	30.769	65	45	0	453	517	49	113	3.66e-04	34.7
5_60	7_23	30.667	75	41	2	454	517	229	303	3.78e-04	34.3
5_61	7_12	60.000	70	27	1	155	224	89	157	1.19e-23	87.0
5_61	7_5	63.793	58	21	0	163	220	321	378	2.40e-20	80.5
5_61	7_31	52.308	65	31	0	156	220	52	116	8.74e-20	77.8
5_61	7_34	56.667	60	26	0	158	217	143	202	1.59e-19	77.0
5_61	7_46	59.322	59	24	0	156	214	53	111	4.93e-19	74.3
5_61	7_27	49.153	59	30	0	156	214	26	84	2.20e-17	68.6
5_61	7_49	57.377	61	26	0	156	216	99	159	9.33e-17	70.5
5_61	7_37	49.275	69	32	1	152	217	60	128	1.31e-16	67.8
5_61	7_18	46.914	81	37	1	141	215	79	159	1.38e-16	67.8
5_61	7_26	55.769	52	23	0	163	214	88	139	1.96e-16	67.4
5_61	7_4	50.877	57	28	0	158	214	235	291	8.63e-16	67.0
5_61	7_25	43.836	73	41	0	142	214	81	153	1.22e-15	64.3
5_61	7_3	47.541	61	32	0	155	215	105	165	1.67e-15	64.3
5_61	7_38	53.571	56	26	0	164	219	20	75	1.42e-14	63.9
5_61	7_32	45.763	59	32	0	156	214	74	132	4.01e-13	59.3
5_61	7_6	41.270	63	37	0	156	218	49	111	2.74e-12	57.4
5_61	7_30	44.444	63	29	1	155	217	77	133	4.58e-12	55.5
5_61	7_21	38.806	67	41	0	148	214	295	361	1.08e-11	55.5
5_61	7_40	48.889	45	23	0	156	200	116	160	8.29e-09	45.8
5_61	7_39	48.889	45	23	0	156	200	124	168	9.03e-09	45.8
5_61	7_42	36.620	71	45	0	149	219	70	140	1.01e-08	46.2
5_61	7_1	39.623	53	32	0	168	220	463	515	1.40e-07	43.1
5_61	7_7	34.426	61	40	0	154	214	483	543	1.58e-07	43.1
5_61	7_47	40.323	62	37	0	144	205	121	182	6.79e-07	40.8
5_61	7_28	48.936	47	24	0	156	202	194	240	1.44e-06	40.0
5_61	7_0	33.333	63	42	0	155	217	431	493	1.74e-06	39.7
5_61	7_2	44.681	47	26	0	156	202	131	177	5.49e-06	38.1
5_61	7_35	38.776	49	26	1	169	217	14	58	7.42e-06	37.4
5_61	7_19	29.870	77	54	0	139	215	57	133	1.20e-05	36.6
5_61	7_14	30.556	72	49	1	149	219	184	255	6.05e-05	35.0
5_61	7_36	32.727	55	37	0	161	215	2	56	7.79e-05	33.9
5_61	7_22	33.333	81	38	3	158	222	94	174	1.01e-04	33.9
5_61	7_13	29.730	74	51	1	146	219	8	80	2.00e-04	33.1
5_61	7_11	60.870	23	9	0	194	216	802	824	2.79e-04	33.1
5_62	7_45	75.168	149	32	2	950	1098	916	1059	8.26e-69	243
5_62	7_45	69.182	159	49	0	194	352	110	268	1.62e-68	243
5_62	7_45	32.624	423	198	18	549	917	417	806	6.48e-38	145
5_62	7_45	57.143	77	30	1	1008	1081	178	254	5.96e-22	94.0
5_62	7_45	58.442	77	29	1	262	338	969	1042	7.96e-22	93.6
5_62	7_19	38.824	85	45	1	633	717	55	132	5.65e-13	61.2
5_62	7_36	49.091	55	28	0	663	717	1	55	3.81e-12	58.5
5_62	7_29	45.763	59	32	0	654	712	112	170	4.11e-11	55.5
5_62	7_42	35.443	79	51	0	639	717	57	135	8.07e-10	52.8
5_62	7_21	35.714	70	45	0	652	721	296	365	1.28e-08	50.1
5_62	7_7	35.135	74	45	1	655	728	481	551	3.15e-07	45.8
5_62	7_12	31.132	106	63	3	656	754	87	189	3.37e-07	44.3
5_62	7_6	29.358	109	63	3	622	718	2	108	4.02e-07	45.4
5_62	7_15	29.412	68	48	0	664	731	1003	1070	1.64e-06	43.5
5_62	7_16	32.203	59	40	0	664	722	1021	1079	1.70e-06	43.5
5_62	7_31	32.110	109	43	6	639	734	45	135	1.79e-06	42.4
5_62	7_0	30.303	99	57	2	619	712	394	485	4.27e-06	41.6
5_62	7_37	35.849	53	34	0	664	716	72	124	8.68e-05	36.6
5_62	7_35	42.857	42	19	1	676	717	19	55	3.43e-04	35.0
5_62	7_44	40.000	45	27	0	667	711	130	174	0.001	33.1
5_63	7_24	36.515	241	120	6	256	493	1	211	4.71e-35	125
5_63	7_13	52.857	70	30	1	248	317	18	84	2.57e-18	79.0
5_63	7_14	52.857	70	30	1	248	317	193	259	5.26e-18	78.6
5_63	7_9	46.154	39	21	0	271	309	933	971	8.64e-08	46.2
5_63	7_8	46.154	39	21	0	271	309	940	978	8.88e-08	46.2
5_63	7_10	38.614	101	41	4	281	363	2	99	2.70e-07	44.3
5_63	7_44	46.154	39	18	1	260	298	138	173	4.38e-06	39.3
5_64	7_23	45.856	362	130	8	58	365	1	350	2.01e-93	294
5_64	7_23	38.571	70	43	0	544	613	229	298	1.33e-12	62.0
5_64	7_7	28.283	99	49	4	534	631	475	552	2.42e-04	35.4
5_64	7_21	30.000	70	38	2	543	612	303	361	3.69e-04	34.7
5_65	7_19	44.068	59	33	0	274	332	79	137	2.47e-12	59.3
5_65	7_19	35.088	57	37	0	30	86	76	132	2.51e-09	50.4
5_65	7_45	34.921	63	41	0	31	93	533	595	4.37e-11	58.5
5_65	7_45	35.185	54	35	0	274	327	535	588	2.28e-07	46.2
5_65	7_36	42.373	59	34	0	274	332	2	60	1.30e-10	53.9
5_65	7_36	33.333	54	36	0	33	86	2	55	1.98e-08	47.4
5_65	7_0	40.984	61	35	1	268	328	431	490	1.60e-08	49.7
5_65	7_0	28.302	53	38	0	27	79	431	483	7.91e-05	37.7
5_65	7_42	30.851	94	55	2	29	112	78	171	5.58e-08	47.0
5_65	7_42	33.333	54	36	0	274	327	82	135	1.91e-04	36.2
5_65	7_46	36.842	57	36	0	271	327	55	111	7.24e-08	45.8
5_65	7_3	33.803	71	47	0	267	337	104	174	2.57e-07	43.9
5_65	7_3	35.185	54	35	0	26	79	104	157	3.43e-05	37.7
5_65	7_18	34.426	61	40	0	270	330	101	161	6.29e-07	43.1
5_65	7_37	30.851	94	60	2	260	351	56	146	9.06e-07	42.7
5_65	7_7	30.137	73	51	0	255	327	471	543	1.37e-06	43.5
5_65	7_7	28.788	66	47	0	23	88	480	545	6.67e-05	38.1
5_65	7_15	29.630	54	38	0	274	327	1003	1056	1.52e-06	43.5
5_65	7_16	29.630	54	38	0	274	327	1021	1074	1.53e-06	43.5
5_65	7_32	32.895	76	47	1	256	331	65	136	1.69e-06	42.7
5_65	7_32	24.051	79	48	1	8	86	66	132	8.35e-04	34.3
5_65	7_21	37.037	54	34	0	274	327	308	361	2.20e-06	42.7
5_65	7_4	35.938	64	41	0	274	337	238	301	3.03e-06	42.0
5_65	7_4	36.000	50	32	0	30	79	235	284	4.81e-05	38.1
5_65	7_34	31.034	58	40	0	270	327	142	199	5.11e-06	40.8
5_65	7_25	36.842	57	36	0	271	327	97	153	8.32e-06	39.3
5_65	7_29	44.444	54	26	2	274	325	122	173	8.34e-06	39.7
5_65	7_29	30.769	52	36	0	28	79	117	168	4.44e-05	37.4
5_65	7_31	28.169	71	51	0	28	98	52	122	8.75e-06	40.0
5_65	7_31	36.842	57	36	0	271	327	54	110	5.96e-05	37.7
5_65	7_6	37.931	58	36	0	270	327	50	107	5.21e-05	38.5
5_65	7_6	22.286	175	117	4	3	172	26	186	4.75e-04	35.4
5_65	7_49	34.783	69	44	1	259	327	90	157	6.91e-05	37.7
5_65	7_12	35.088	57	37	0	271	327	92	148	7.31e-05	37.0
5_65	7_1	39.583	48	29	0	281	328	463	510	9.35e-05	37.4
5_65	7_23	33.333	72	34	3	274	331	233	304	1.16e-04	37.4
5_65	7_22	26.761	71	35	3	274	327	95	165	2.00e-04	35.8
5_65	7_13	29.333	75	52	1	269	342	17	91	2.33e-04	36.2
5_65	7_14	30.000	60	42	0	268	327	191	250	7.36e-04	34.7
5_66	7_7	75.714	140	32	1	22	161	390	527	2.75e-74	228
5_66	7_0	34.307	137	87	1	25	161	341	474	5.25e-24	89.0
5_67	7_25	85.507	69	10	0	197	265	97	165	1.18e-40	132
5_67	7_46	39.535	86	50	1	168	253	28	111	3.17e-14	62.0
5_67	7_31	45.161	62	34	0	192	253	49	110	4.06e-14	63.2
5_67	7_12	44.068	59	33	0	197	255	92	150	6.18e-13	58.9
5_67	7_49	36.364	88	47	2	197	281	101	182	3.28e-12	58.2
5_67	7_34	40.323	62	34	1	195	253	138	199	9.03e-11	53.1
5_67	7_5	47.170	53	28	0	203	255	322	374	1.47e-10	53.1
5_67	7_37	40.678	59	35	0	199	257	71	129	1.68e-10	51.6
5_67	7_4	36.508	63	40	0	193	255	231	293	5.98e-10	50.8
5_67	7_38	44.231	52	29	0	207	258	24	75	6.51e-10	50.8
5_67	7_18	33.663	101	48	1	195	276	100	200	7.15e-10	49.7
5_67	7_26	41.176	51	30	0	203	253	89	139	9.56e-10	49.3
5_67	7_27	36.667	60	38	0	194	253	25	84	2.47e-09	47.4
5_67	7_7	28.346	127	64	2	156	255	419	545	5.92e-09	48.1
5_67	7_21	34.667	75	49	0	188	262	296	370	1.06e-08	47.4
5_67	7_3	39.655	58	35	0	196	253	107	164	1.06e-08	46.2
5_67	7_30	34.783	92	50	3	193	281	76	160	3.36e-08	44.7
5_67	7_6	33.898	59	39	0	195	253	49	107	4.15e-07	42.7
5_67	7_32	35.593	59	38	0	195	253	74	132	8.92e-07	41.2
5_67	7_0	28.205	78	54	1	175	252	414	489	2.19e-06	40.0
5_67	7_1	43.137	51	28	1	207	257	463	512	8.38e-06	38.5
5_67	7_42	47.222	36	19	0	223	258	105	140	1.99e-05	37.0
5_67	7_19	30.000	60	42	0	194	253	73	132	3.10e-05	35.8
5_68	7_25	53.425	73	32	1	225	295	97	169	4.05e-19	75.5
5_68	7_12	37.097	124	72	2	166	283	27	150	2.40e-18	74.3
5_68	7_27	47.541	61	32	0	222	282	25	85	1.22e-16	68.2
5_68	7_5	60.784	51	20	0	231	281	322	372	2.20e-16	70.9
5_68	7_26	49.057	53	27	0	230	282	88	140	5.24e-15	64.7
5_68	7_31	40.964	83	43	1	206	282	29	111	9.18e-15	65.1
5_68	7_34	33.333	111	73	1	181	291	100	209	1.42e-14	64.7
5_68	7_4	51.667	60	29	0	222	281	232	291	2.82e-14	63.9
5_68	7_46	44.828	58	32	0	225	282	55	112	3.87e-14	62.0
5_68	7_38	44.615	65	36	0	223	287	12	76	4.68e-13	60.8
5_68	7_49	40.909	88	46	2	225	306	101	188	2.52e-12	58.9
5_68	7_18	46.667	60	32	0	223	282	100	159	8.19e-12	55.5
5_68	7_3	49.180	61	31	0	221	281	104	164	9.13e-12	55.1
5_68	7_37	43.333	60	32	1	228	285	72	131	2.24e-11	54.3
5_68	7_21	41.379	58	34	0	224	281	304	361	1.96e-10	53.1
5_68	7_32	39.062	64	39	0	219	282	70	133	2.48e-10	52.4
5_68	7_6	34.568	81	50	2	216	293	40	120	1.90e-09	50.1
5_68	7_11	39.130	46	24	1	237	282	782	823	3.23e-08	46.2
5_68	7_35	38.462	52	28	2	234	285	12	59	1.33e-07	43.1
5_68	7_30	41.379	58	28	1	224	281	79	130	3.13e-07	42.0
5_68	7_19	30.159	63	44	0	219	281	70	132	6.63e-06	38.1
5_68	7_22	34.783	92	43	3	216	292	87	176	1.14e-05	37.7
5_68	7_13	29.114	79	53	1	210	285	1	79	1.36e-05	37.7
5_68	7_1	46.154	26	14	0	256	281	484	509	3.38e-05	36.6
5_68	7_14	32.787	61	38	1	228	285	194	254	4.52e-05	36.2
5_68	7_7	28.378	74	52	1	208	281	471	543	6.71e-05	35.8
5_68	7_0	29.412	68	47	1	222	288	430	497	2.44e-04	33.9
