7_0	6_48	81.564	179	33	0	319	497	195	373	8.22e-112	328
7_0	6_66	41.401	157	89	2	339	495	66	219	2.50e-36	130
7_0	6_63	32.258	248	133	4	263	489	122	355	7.42e-33	123
7_0	6_4	37.662	154	79	3	345	489	273	418	3.55e-27	105
7_0	6_23	42.188	64	36	1	429	491	227	290	8.70e-09	48.9
7_0	6_15	33.824	68	45	0	424	491	165	232	2.41e-08	47.8
7_0	6_59	37.097	62	38	1	430	491	266	326	7.53e-08	45.8
7_0	6_30	33.333	63	42	0	432	494	266	328	7.82e-08	46.2
7_0	6_13	34.568	81	34	4	432	496	264	341	9.90e-08	45.8
7_0	6_55	41.935	62	35	1	430	490	164	225	1.15e-07	45.1
7_0	6_53	33.333	60	40	0	432	491	49	108	1.53e-07	42.4
7_0	6_0	30.508	59	41	0	427	485	66	124	1.72e-07	44.7
7_0	6_3	29.688	64	45	0	430	493	41	104	2.64e-07	43.9
7_0	6_8	31.707	82	50	3	415	490	206	287	3.57e-07	43.9
7_0	6_24	27.381	84	61	0	407	490	243	326	5.95e-07	43.1
7_0	6_51	32.500	80	53	1	418	496	257	336	7.00e-07	43.1
7_0	6_52	32.143	56	38	0	434	489	129	184	1.46e-06	42.0
7_0	6_7	34.921	63	41	0	427	489	254	316	1.54e-06	42.0
7_0	6_43	34.426	61	40	0	431	491	153	213	1.74e-06	41.2
7_0	6_25	40.351	57	34	0	434	490	223	279	1.82e-06	41.6
7_0	6_65	32.258	62	42	0	432	493	127	188	1.83e-06	41.6
7_0	6_58	33.898	59	39	0	432	490	14	72	3.23e-06	40.4
7_0	6_57	32.308	65	44	0	427	491	254	318	3.57e-06	40.8
7_0	6_21	26.882	93	57	2	402	489	249	335	3.69e-06	40.4
7_0	6_45	33.333	60	40	0	430	489	59	118	4.24e-06	40.0
7_0	6_39	28.571	77	52	1	418	494	3	76	6.78e-06	39.7
7_0	6_61	28.070	57	41	0	434	490	106	162	8.13e-06	39.7
7_0	6_69	27.397	73	51	2	425	496	200	271	9.58e-06	38.9
7_0	6_46	31.667	60	41	0	426	485	335	394	2.79e-05	37.7
7_0	6_2	25.373	67	50	0	431	497	282	348	3.42e-05	37.7
7_0	6_50	25.962	104	74	1	392	492	24	127	6.78e-05	36.2
7_0	6_19	30.189	53	37	0	440	492	1	53	7.49e-05	36.2
7_0	6_28	26.389	72	51	2	426	496	175	245	9.50e-05	35.8
7_0	6_6	29.310	58	41	0	432	489	197	254	1.69e-04	35.4
7_0	6_12	30.769	52	36	0	434	485	414	465	2.59e-04	35.0
7_0	6_17	24.242	66	50	0	427	492	270	335	2.64e-04	34.7
7_0	6_11	27.778	72	52	0	422	493	286	357	3.77e-04	34.3
7_0	6_41	31.325	83	53	2	414	492	24	106	4.28e-04	33.9
7_0	6_44	28.571	56	40	0	434	489	287	342	6.12e-04	33.5
7_1	6_52	64.615	130	32	6	456	574	131	257	9.52e-47	161
7_1	6_53	72.000	50	14	0	463	512	61	110	1.58e-22	85.5
7_1	6_19	64.583	48	17	0	463	510	5	52	6.95e-21	84.3
7_1	6_30	64.000	50	18	0	463	512	278	327	2.25e-19	83.2
7_1	6_42	76.316	38	9	0	474	511	1	38	1.19e-18	76.6
7_1	6_3	65.957	47	16	0	462	508	54	100	2.79e-18	77.8
7_1	6_0	59.184	49	20	0	463	511	83	131	3.10e-17	75.1
7_1	6_39	60.000	50	20	0	463	512	26	75	1.87e-15	69.3
7_1	6_15	55.319	47	21	0	463	509	185	231	4.60e-14	66.2
7_1	6_8	57.143	49	21	0	463	511	241	289	2.57e-13	64.3
7_1	6_55	41.935	62	36	0	462	523	178	239	1.50e-10	54.3
7_1	6_23	52.083	48	23	0	462	509	242	289	1.65e-10	54.7
7_1	6_22	41.791	67	36	1	462	525	184	250	8.78e-10	52.4
7_1	6_60	44.898	49	27	0	461	509	379	427	1.38e-09	52.0
7_1	6_12	41.791	67	37	1	449	515	412	476	2.67e-09	51.2
7_1	6_20	58.065	31	13	0	482	512	287	317	4.16e-09	50.4
7_1	6_7	46.809	47	25	0	463	509	271	317	4.44e-09	50.4
7_1	6_61	46.939	49	26	0	463	511	116	164	6.33e-09	50.1
7_1	6_2	46.809	47	25	0	463	509	295	341	7.93e-09	49.7
7_1	6_58	34.848	66	42	1	447	511	9	74	1.28e-08	48.5
7_1	6_6	47.727	44	23	0	466	509	212	255	1.45e-08	48.5
7_1	6_68	54.286	35	16	0	463	497	139	173	6.44e-08	46.2
7_1	6_59	40.816	49	29	0	461	509	277	325	1.81e-07	45.1
7_1	6_24	38.235	68	37	2	453	517	272	337	2.23e-07	45.1
7_1	6_43	35.484	93	57	3	447	537	149	240	4.31e-07	43.5
7_1	6_38	47.059	51	21	2	461	508	415	462	4.72e-07	43.9
7_1	6_65	42.000	50	23	2	463	509	139	185	5.92e-07	43.5
7_1	6_11	45.283	53	26	1	471	523	316	365	1.06e-06	42.7
7_1	6_25	44.681	47	26	0	463	509	233	279	4.18e-06	40.8
7_1	6_17	36.066	61	37	1	463	521	287	347	1.10e-05	39.3
7_1	6_45	34.043	47	31	0	463	509	73	119	2.37e-05	38.1
7_1	6_49	45.238	42	23	0	463	504	196	237	2.38e-05	38.5
7_1	6_9	37.143	35	22	0	476	510	17	51	2.39e-05	37.0
7_1	6_51	55.172	29	13	0	482	510	303	331	2.70e-05	38.1
7_1	6_62	35.294	51	33	0	459	509	225	275	2.99e-05	38.1
7_1	6_21	46.875	32	16	1	482	512	309	340	3.94e-05	37.7
7_1	6_71	39.535	43	26	0	467	509	97	139	6.40e-05	37.4
7_1	6_50	37.143	35	22	0	476	510	92	126	1.10e-04	35.8
7_1	6_28	35.484	62	39	1	463	524	193	253	2.19e-04	35.0
7_1	6_57	42.593	54	28	2	467	517	275	328	2.49e-04	35.4
7_1	6_44	46.429	28	15	0	484	511	318	345	2.72e-04	35.0
7_1	6_46	44.737	38	21	0	467	504	357	394	3.03e-04	35.0
7_1	6_37	40.000	35	21	0	467	501	284	318	8.29e-04	33.5
7_1	6_63	36.364	44	28	0	466	509	313	356	0.001	33.5
7_2	6_53	68.085	47	15	0	131	177	49	95	6.43e-19	75.5
7_2	6_68	48.529	68	32	1	110	177	109	173	1.75e-16	73.6
7_2	6_3	63.830	47	17	0	131	177	43	89	1.60e-14	67.0
7_2	6_8	68.085	47	15	0	131	177	229	275	2.47e-13	64.7
7_2	6_52	60.000	45	18	0	133	177	129	173	3.17e-13	63.9
7_2	6_30	46.875	64	31	2	117	177	249	312	1.94e-12	61.6
7_2	6_19	60.465	43	17	0	139	181	1	43	9.40e-12	57.8
7_2	6_0	31.959	97	58	2	110	201	45	138	2.64e-10	54.3
7_2	6_15	33.708	89	44	1	120	193	162	250	2.73e-10	54.7
7_2	6_39	48.214	56	27	1	124	177	5	60	1.16e-08	48.9
7_2	6_42	70.833	24	7	0	154	177	1	24	5.12e-07	43.1
7_2	6_23	48.936	47	24	0	131	177	231	277	3.16e-06	41.6
7_2	6_43	40.385	52	31	0	126	177	149	200	3.28e-06	41.2
7_2	6_55	46.809	47	25	0	131	177	167	213	4.73e-06	40.8
7_2	6_7	39.286	56	34	0	122	177	250	305	7.83e-06	40.4
7_2	6_46	32.941	85	53	1	97	177	303	387	8.70e-05	37.0
7_2	6_18	42.222	45	26	0	133	177	198	242	1.62e-04	35.8
7_2	6_49	41.304	46	27	0	132	177	185	230	3.18e-04	35.0
7_3	6_59	52.586	116	33	1	92	185	231	346	6.50e-39	129
7_3	6_60	49.020	51	26	0	114	164	377	427	1.44e-14	63.2
7_3	6_61	36.667	90	48	1	94	183	92	172	2.07e-14	62.8
7_3	6_17	29.139	151	97	3	23	164	184	333	3.98e-14	61.6
7_3	6_23	46.552	58	31	0	107	164	232	289	4.32e-14	61.6
7_3	6_25	47.368	57	30	0	108	164	223	279	2.03e-13	59.7
7_3	6_43	43.939	66	37	0	104	169	152	217	2.47e-13	58.9
7_3	6_65	44.776	67	36	1	108	174	129	194	4.23e-13	58.9
7_3	6_55	44.068	59	33	0	108	166	169	227	4.36e-13	58.2
7_3	6_28	47.541	61	32	0	104	164	179	239	7.12e-13	57.8
7_3	6_69	50.820	61	30	0	104	164	205	265	8.34e-13	57.8
7_3	6_18	51.667	60	29	0	100	159	190	249	9.05e-13	57.4
7_3	6_47	50.000	54	27	0	106	159	247	300	1.92e-12	56.6
7_3	6_7	35.227	88	47	2	92	179	251	328	2.17e-12	57.0
7_3	6_44	52.542	59	28	0	106	164	285	343	2.83e-12	56.6
7_3	6_71	40.000	65	39	0	102	166	77	141	3.09e-12	56.6
7_3	6_30	41.270	63	37	0	108	170	268	330	1.14e-11	54.7
7_3	6_52	43.103	58	33	0	108	165	129	186	2.52e-11	53.5
7_3	6_24	43.860	57	32	0	108	164	270	326	3.05e-11	53.5
7_3	6_20	38.158	76	41	1	89	164	245	314	4.06e-11	53.1
7_3	6_53	41.667	60	35	0	107	166	50	109	5.98e-11	50.1
7_3	6_45	35.385	65	42	0	100	164	55	119	6.29e-11	52.4
7_3	6_6	37.931	58	36	0	107	164	198	255	7.17e-11	52.4
7_3	6_51	40.845	71	36	1	94	164	266	330	1.60e-10	51.2
7_3	6_15	43.103	58	33	0	108	165	175	232	2.43e-10	50.8
7_3	6_19	39.286	56	32	1	114	167	1	56	2.89e-10	50.1
7_3	6_22	33.708	89	53	3	108	191	175	262	5.69e-10	49.7
7_3	6_21	38.333	60	37	0	105	164	277	336	1.57e-09	48.1
7_3	6_0	38.596	57	35	0	108	164	73	129	2.01e-09	47.8
7_3	6_39	36.923	65	41	0	100	164	8	72	2.10e-09	47.8
7_3	6_46	45.283	53	29	0	107	159	342	394	2.52e-09	47.8
7_3	6_12	35.616	73	44	1	108	180	414	483	3.37e-09	47.4
7_3	6_37	41.304	46	27	0	111	156	273	318	5.76e-09	46.6
7_3	6_57	45.763	59	32	0	107	165	260	318	7.93e-09	46.2
7_3	6_38	37.681	69	37	1	93	161	398	460	8.98e-09	46.2
7_3	6_14	45.833	48	26	0	109	156	711	758	1.68e-08	45.4
7_3	6_11	36.364	66	42	0	99	164	289	354	2.07e-08	45.1
7_3	6_49	43.478	46	26	0	114	159	192	237	3.62e-08	44.3
7_3	6_2	33.333	66	44	0	99	164	276	341	5.06e-08	43.9
7_3	6_3	35.088	57	37	0	107	163	44	100	8.30e-08	43.1
7_3	6_42	53.571	28	13	0	137	164	9	36	1.79e-07	41.6
7_3	6_58	30.435	69	48	0	102	170	10	78	2.08e-07	42.0
7_3	6_8	32.258	62	42	0	107	168	230	291	2.37e-07	42.0
7_3	6_64	54.839	31	14	0	140	170	16	46	1.65e-05	35.4
7_3	6_48	30.986	71	42	1	95	165	304	367	1.98e-05	36.2
7_3	6_68	40.385	52	31	0	101	152	122	173	2.07e-05	35.8
7_3	6_50	40.541	37	22	0	131	167	92	128	4.12e-05	34.7
7_3	6_9	42.857	35	20	0	131	165	17	51	1.16e-04	33.1
7_3	6_26	40.625	32	19	0	131	162	382	413	2.06e-04	33.1
7_3	6_4	30.508	59	41	0	106	164	361	419	2.54e-04	32.7
7_3	6_67	25.000	80	51	1	94	164	958	1037	2.93e-04	32.7
7_3	6_40	28.846	52	37	0	118	169	41	92	7.50e-04	30.0
7_4	6_59	62.595	131	27	1	203	311	215	345	3.10e-53	171
7_4	6_43	46.774	62	33	0	235	296	156	217	4.04e-15	65.9
7_4	6_44	52.381	63	30	0	229	291	281	343	5.04e-15	67.0
7_4	6_65	43.902	82	42	2	220	301	117	194	5.71e-15	66.6
7_4	6_23	48.276	58	30	0	235	292	233	290	2.10e-14	65.1
7_4	6_18	51.724	58	28	0	235	292	198	255	4.42e-14	63.2
7_4	6_55	47.368	57	30	0	235	291	169	225	1.03e-13	62.0
7_4	6_17	41.429	70	40	1	223	291	264	333	1.59e-13	62.4
7_4	6_12	36.792	106	61	3	202	307	384	483	2.74e-13	62.0
7_4	6_25	34.545	110	64	4	188	292	174	280	3.84e-13	60.8
7_4	6_69	50.877	57	28	0	235	291	209	265	9.07e-13	59.7
7_4	6_7	36.264	91	48	2	217	307	249	329	1.27e-12	59.7
7_4	6_47	50.000	54	27	0	233	286	247	300	1.67e-12	58.9
7_4	6_61	36.667	90	48	1	221	310	92	172	2.35e-12	58.9
7_4	6_24	41.667	60	35	0	232	291	267	326	2.62e-12	58.9
7_4	6_28	47.368	57	30	0	235	291	183	239	3.37e-12	57.8
7_4	6_71	37.931	87	39	2	212	293	65	141	4.34e-12	58.5
7_4	6_57	46.667	60	32	0	232	291	258	317	4.52e-12	58.2
7_4	6_60	48.077	52	27	0	241	292	377	428	8.27e-12	57.4
7_4	6_51	44.444	54	30	0	238	291	277	330	1.30e-11	56.6
7_4	6_11	44.068	59	33	0	235	293	298	356	1.65e-11	56.2
7_4	6_6	40.299	67	38	1	225	291	191	255	1.66e-11	56.2
7_4	6_46	47.368	57	30	0	230	286	338	394	2.14e-11	55.8
7_4	6_20	39.130	69	36	1	223	291	252	314	2.87e-11	55.5
7_4	6_53	39.655	58	35	0	234	291	50	107	4.73e-11	51.6
7_4	6_39	41.379	58	34	0	234	291	15	72	5.64e-11	54.3
7_4	6_45	37.931	58	36	0	235	292	63	120	6.09e-11	54.3
7_4	6_52	38.596	57	35	0	235	291	129	185	8.18e-11	53.9
7_4	6_30	39.683	63	38	0	235	297	268	330	8.78e-11	54.3
7_4	6_38	37.288	59	37	0	238	296	410	468	1.91e-10	53.1
7_4	6_49	44.898	49	27	0	238	286	189	237	2.09e-10	52.8
7_4	6_15	39.655	58	35	0	235	292	175	232	2.80e-10	52.4
7_4	6_19	39.216	51	31	0	241	291	1	51	8.92e-10	50.1
7_4	6_22	39.655	58	35	0	235	292	175	232	1.06e-09	50.8
7_4	6_21	36.667	60	38	0	234	293	279	338	1.13e-09	50.4
7_4	6_0	38.596	57	35	0	235	291	73	129	1.64e-09	49.7
7_4	6_58	40.351	57	34	0	235	291	16	72	3.78e-09	48.5
7_4	6_37	41.304	46	27	0	238	283	273	318	9.04e-09	47.4
7_4	6_2	35.821	67	43	0	226	292	276	342	9.14e-09	47.8
7_4	6_3	32.099	81	48	1	234	307	44	124	1.11e-08	47.4
7_4	6_8	35.484	62	40	0	234	295	230	291	4.01e-08	45.8
7_4	6_14	45.833	48	26	0	236	283	711	758	7.73e-08	45.1
7_4	6_42	50.000	28	14	0	264	291	9	36	4.30e-07	41.6
7_4	6_64	64.000	25	9	0	267	291	16	40	1.16e-05	36.6
7_4	6_48	32.787	61	40	1	231	290	305	365	1.36e-05	37.7
7_4	6_62	34.483	58	38	0	236	293	220	277	2.53e-05	37.0
7_4	6_68	40.385	52	31	0	228	279	122	173	4.13e-05	36.2
7_4	6_4	26.667	60	44	0	233	292	361	420	1.30e-04	35.0
7_4	6_9	41.176	34	20	0	258	291	17	50	1.65e-04	33.5
7_4	6_50	37.838	37	23	0	258	294	92	128	2.21e-04	33.5
7_5	6_60	51.899	79	35	2	322	397	377	455	3.13e-20	84.3
7_5	6_25	54.688	64	29	0	315	378	222	285	2.98e-19	80.1
7_5	6_24	53.846	65	30	0	311	375	265	329	7.99e-19	80.1
7_5	6_43	57.812	64	27	0	312	375	152	215	8.65e-19	77.8
7_5	6_18	45.122	82	42	1	288	369	173	251	4.25e-18	75.5
7_5	6_7	54.237	59	27	0	314	372	259	317	8.36e-18	76.6
7_5	6_23	54.839	62	28	0	314	375	231	292	1.95e-17	75.1
7_5	6_44	53.968	63	29	0	313	375	284	346	3.53e-17	74.7
7_5	6_53	42.045	88	48	1	285	372	23	107	1.44e-16	67.8
7_5	6_51	40.984	122	52	5	277	388	242	353	6.86e-16	70.9
7_5	6_65	47.368	76	37	1	314	386	127	202	8.47e-16	70.5
7_5	6_46	35.878	131	72	2	268	396	303	423	9.00e-16	70.5
7_5	6_15	42.667	75	40	1	300	374	162	233	9.81e-16	70.5
7_5	6_6	46.032	63	34	0	313	375	196	258	1.43e-15	69.3
7_5	6_17	50.877	57	28	0	316	372	277	333	1.47e-15	69.7
7_5	6_47	55.556	54	24	0	314	367	247	300	2.11e-15	68.2
7_5	6_61	48.485	66	34	0	309	374	99	164	2.58e-15	68.9
7_5	6_55	52.542	59	28	0	314	372	167	225	1.30e-14	65.5
7_5	6_30	45.902	61	33	0	314	374	266	326	2.04e-14	66.6
7_5	6_57	37.037	135	68	6	267	396	218	340	2.26e-14	66.2
7_5	6_59	51.724	58	28	0	316	373	269	326	2.79e-14	65.5
7_5	6_69	50.000	62	31	0	311	372	204	265	3.76e-14	64.3
7_5	6_52	35.433	127	64	4	278	386	76	202	5.01e-14	64.7
7_5	6_28	45.333	75	41	0	311	385	178	252	5.19e-14	63.9
7_5	6_37	60.870	46	18	0	319	364	273	318	1.42e-13	63.2
7_5	6_19	36.275	102	57	4	322	420	1	97	1.47e-13	62.0
7_5	6_49	41.975	81	47	0	316	396	186	266	2.46e-13	62.8
7_5	6_71	39.286	84	44	1	293	376	67	143	3.67e-13	62.8
7_5	6_20	39.474	76	45	1	300	374	241	316	5.50e-13	61.6
7_5	6_21	37.647	85	49	2	293	374	255	338	1.58e-12	60.1
7_5	6_39	43.478	69	34	1	304	372	9	72	1.59e-12	59.7
7_5	6_45	44.828	58	32	0	316	373	63	120	2.15e-12	59.3
7_5	6_38	44.643	56	31	0	319	374	410	465	7.88e-12	58.5
7_5	6_12	40.541	74	40	1	316	385	414	487	2.79e-11	56.6
7_5	6_58	45.763	59	32	0	314	372	14	72	5.92e-11	54.7
7_5	6_0	35.593	59	38	0	314	372	71	129	1.93e-09	50.4
7_5	6_8	39.241	79	47	1	314	391	229	307	2.21e-09	50.8
7_5	6_3	43.103	58	33	0	314	371	43	100	3.06e-09	49.7
7_5	6_64	72.000	25	7	0	348	372	16	40	5.32e-09	47.0
7_5	6_22	38.710	62	38	0	313	374	172	233	9.10e-09	48.5
7_5	6_2	32.530	83	51	2	294	374	264	343	4.16e-08	46.6
7_5	6_63	35.593	59	38	0	316	374	300	358	2.45e-07	44.3
7_5	6_4	34.375	64	42	0	311	374	358	421	4.15e-07	43.5
7_5	6_68	38.983	59	36	0	302	360	115	173	4.52e-07	43.1
7_5	6_42	41.667	36	21	0	345	380	9	44	6.80e-07	41.6
7_5	6_14	40.351	57	34	0	308	364	702	758	2.29e-06	41.2
7_5	6_66	31.395	86	55	2	293	377	137	219	3.27e-06	40.4
7_5	6_36	55.556	36	16	0	314	349	239	274	4.15e-06	39.7
7_5	6_48	32.836	67	43	1	314	378	308	374	1.27e-05	38.5
7_5	6_11	29.032	93	60	1	293	385	281	367	2.08e-05	38.1
7_5	6_35	58.621	29	10	1	309	335	170	198	7.27e-05	35.4
7_5	6_62	30.508	59	41	0	314	372	217	275	1.93e-04	34.7
7_5	6_67	26.154	65	48	0	308	372	973	1037	2.83e-04	34.7
7_6	6_53	57.692	78	29	1	46	123	46	119	7.97e-27	98.6
7_6	6_30	63.235	68	25	0	48	115	265	332	1.04e-24	101
7_6	6_3	63.492	63	23	0	48	110	42	104	7.50e-24	95.5
7_6	6_52	59.677	62	25	0	51	112	129	190	7.20e-23	94.0
7_6	6_0	45.556	90	48	1	48	137	70	158	4.36e-22	90.9
7_6	6_39	62.903	62	23	0	49	110	14	75	4.86e-22	90.1
7_6	6_8	42.105	114	59	3	10	123	194	300	2.01e-21	91.3
7_6	6_15	50.746	67	33	0	41	107	165	231	4.19e-19	83.2
7_6	6_19	59.615	52	21	0	57	108	1	52	1.06e-18	79.0
7_6	6_25	42.254	71	41	0	47	117	219	289	6.77e-14	65.9
7_6	6_58	25.118	211	132	5	49	238	14	219	1.63e-13	64.3
7_6	6_6	41.096	73	41	1	49	119	197	269	6.47e-13	63.2
7_6	6_23	40.909	88	47	3	48	133	230	314	7.01e-13	63.2
7_6	6_61	46.269	67	35	1	48	114	103	168	2.09e-12	62.0
7_6	6_55	42.105	95	45	4	41	128	159	250	2.36e-12	60.5
7_6	6_43	38.889	72	44	0	49	120	154	225	3.07e-12	60.1
7_6	6_68	56.000	50	22	0	46	95	124	173	5.05e-12	60.5
7_6	6_42	55.814	43	19	0	72	114	1	43	9.32e-12	57.4
7_6	6_59	44.828	58	32	0	50	107	268	325	1.14e-11	59.3
7_6	6_38	37.805	82	48	1	48	129	404	482	1.09e-10	57.0
7_6	6_51	43.939	66	37	0	48	113	271	336	1.16e-10	56.6
7_6	6_7	37.705	61	38	0	48	108	258	318	1.16e-10	56.6
7_6	6_60	33.721	86	52	2	47	127	364	449	1.31e-10	56.6
7_6	6_69	35.000	80	49	1	49	125	207	286	1.72e-10	55.1
7_6	6_24	35.714	70	45	0	49	118	268	337	7.13e-10	54.3
7_6	6_2	44.068	59	33	0	49	107	283	341	1.39e-09	53.1
7_6	6_28	34.667	75	48	1	49	123	181	254	1.44e-09	52.0
7_6	6_22	37.879	66	40	1	51	115	175	240	2.01e-09	52.4
7_6	6_12	36.986	73	46	0	51	123	414	486	2.56e-09	52.4
7_6	6_11	36.471	85	51	2	37	120	283	365	3.84e-09	51.6
7_6	6_17	39.130	69	41	1	51	118	277	345	8.46e-09	50.4
7_6	6_65	37.500	64	40	0	48	111	126	189	9.76e-09	50.4
7_6	6_18	42.593	54	31	0	51	104	198	251	9.82e-09	49.3
7_6	6_62	36.364	66	42	0	43	108	211	276	1.41e-08	49.7
7_6	6_44	36.486	74	41	2	50	120	286	356	3.35e-08	48.5
7_6	6_46	35.821	67	42	1	37	102	328	394	1.04e-07	47.0
7_6	6_45	38.596	57	35	0	51	107	63	119	1.16e-07	46.6
7_6	6_71	28.378	74	53	0	49	122	81	154	2.07e-06	43.1
7_6	6_49	35.849	53	34	0	50	102	185	237	2.47e-06	42.4
7_6	6_47	34.848	66	41	1	37	102	237	300	2.72e-06	42.0
7_6	6_20	30.435	69	42	1	51	113	252	320	3.02e-06	42.4
7_6	6_21	33.898	59	39	0	49	107	278	336	3.50e-06	42.0
7_6	6_57	28.319	113	72	4	3	112	218	324	3.98e-06	42.0
7_6	6_64	38.095	42	26	0	76	117	9	50	2.95e-05	37.4
7_6	6_37	32.609	46	31	0	54	99	273	318	6.59e-05	37.7
7_6	6_50	22.857	70	54	0	38	107	56	125	6.53e-04	34.3
7_6	6_63	28.814	59	42	0	49	107	298	356	7.66e-04	34.7
7_6	6_66	29.231	65	46	0	43	107	150	214	8.65e-04	34.3
7_7	6_63	67.773	211	44	3	364	550	153	363	1.65e-97	303
7_7	6_66	64.118	170	57	2	396	565	71	236	3.07e-73	234
7_7	6_4	47.134	157	75	3	392	544	268	420	5.30e-38	139
7_7	6_48	38.158	152	93	1	391	542	215	365	2.23e-34	127
7_7	6_58	38.983	59	36	0	485	543	14	72	2.09e-08	48.1
7_7	6_2	36.667	60	38	0	485	544	283	342	6.54e-08	47.0
7_7	6_21	29.762	84	59	0	462	545	255	338	1.01e-07	46.2
7_7	6_24	37.681	69	43	0	475	543	258	326	4.32e-07	44.3
7_7	6_15	36.364	66	36	2	484	546	172	234	8.63e-07	43.5
7_7	6_65	36.111	72	42	3	476	544	116	186	1.27e-06	42.7
7_7	6_45	32.836	67	39	1	484	544	54	120	1.53e-06	42.4
7_7	6_61	33.333	57	38	0	487	543	106	162	2.72e-06	42.0
7_7	6_22	36.207	58	37	0	487	544	175	232	3.39e-06	41.6
7_7	6_60	30.000	70	49	0	476	545	360	429	4.78e-06	41.2
7_7	6_52	35.088	57	37	0	487	543	129	185	5.65e-06	40.8
7_7	6_11	37.931	58	36	0	487	544	298	355	5.78e-06	40.8
7_7	6_20	31.746	63	37	1	487	543	252	314	6.83e-06	40.4
7_7	6_6	33.898	59	39	0	485	543	197	255	7.95e-06	40.0
7_7	6_25	36.207	58	37	0	487	544	223	280	8.11e-06	40.0
7_7	6_23	37.097	62	38	1	485	545	230	291	8.84e-06	40.0
7_7	6_55	36.667	60	37	1	485	543	166	225	1.24e-05	39.3
7_7	6_69	31.034	58	40	0	486	543	208	265	1.69e-05	38.9
7_7	6_34	28.205	117	65	4	439	542	172	282	3.24e-05	38.5
7_7	6_28	31.034	58	40	0	486	543	182	239	4.38e-05	37.4
7_7	6_12	37.209	43	27	0	501	543	428	470	8.40e-05	37.0
7_7	6_57	30.508	59	41	0	485	543	259	317	9.45e-05	37.0
7_7	6_30	35.714	56	36	0	488	543	269	324	1.04e-04	37.0
7_7	6_62	34.884	43	28	0	501	543	233	275	1.60e-04	36.2
7_7	6_43	35.088	57	37	0	487	543	156	212	1.82e-04	35.4
7_7	6_0	27.941	68	48	1	477	543	62	129	2.59e-04	35.4
7_7	6_51	28.704	108	73	1	485	588	272	379	3.65e-04	35.0
7_7	6_53	30.769	65	43	1	481	543	43	107	4.34e-04	33.1
7_7	6_71	28.571	70	49	1	474	543	71	139	5.17e-04	34.7
7_7	6_13	28.889	90	47	4	471	544	251	339	5.20e-04	34.7
7_7	6_44	31.579	57	39	0	487	543	287	343	7.54e-04	33.9
7_7	6_18	23.750	80	56	1	462	541	178	252	8.31e-04	33.5
7_7	6_49	31.579	57	39	0	482	538	181	237	8.66e-04	33.5
7_8	6_26	55.970	134	44	4	48	168	80	211	1.56e-37	140
7_8	6_26	71.111	45	13	0	937	981	378	422	1.24e-19	85.5
7_8	6_26	48.980	49	20	2	366	409	332	380	1.94e-08	49.7
7_8	6_33	54.237	118	45	4	918	1028	132	247	7.06e-35	130
7_8	6_33	48.092	131	44	7	287	408	35	150	5.61e-24	97.4
7_8	6_1	52.273	44	18	1	940	983	53	93	1.02e-08	50.4
7_8	6_54	58.824	34	14	0	940	973	425	458	2.19e-08	49.3
7_8	6_34	53.125	32	15	0	940	971	249	280	6.43e-07	44.7
7_8	6_9	37.778	45	28	0	932	976	8	52	8.41e-07	42.0
7_8	6_41	40.476	42	25	0	931	972	61	102	1.69e-06	42.7
7_8	6_50	42.105	38	22	0	932	969	83	120	4.26e-06	41.2
7_8	6_29	38.776	49	27	1	941	986	157	205	5.83e-05	37.7
7_9	6_26	55.970	134	44	4	48	168	80	211	1.89e-37	140
7_9	6_26	71.111	45	13	0	930	974	378	422	1.26e-19	85.5
7_9	6_26	48.980	49	20	2	359	402	332	380	2.01e-08	49.7
7_9	6_33	54.237	118	45	4	911	1021	132	247	8.77e-35	129
7_9	6_33	41.129	124	56	6	287	401	35	150	4.93e-19	82.4
7_9	6_1	52.273	44	18	1	933	976	53	93	1.01e-08	50.4
7_9	6_54	58.824	34	14	0	933	966	425	458	2.33e-08	49.3
7_9	6_34	53.125	32	15	0	933	964	249	280	6.50e-07	44.7
7_9	6_9	37.778	45	28	0	925	969	8	52	9.10e-07	42.0
7_9	6_41	40.476	42	25	0	924	965	61	102	1.70e-06	42.7
7_9	6_50	42.105	38	22	0	925	962	83	120	4.15e-06	41.2
7_9	6_29	38.776	49	27	1	934	979	157	205	5.08e-05	38.1
7_10	6_1	79.167	24	5	0	2	25	63	86	6.30e-07	42.7
7_10	6_41	54.839	31	11	1	8	35	86	116	1.92e-05	37.7
7_10	6_26	33.333	63	36	2	2	59	391	452	1.26e-04	35.4
7_10	6_54	54.167	24	11	0	1	24	434	457	1.41e-04	35.4
7_11	6_7	33.645	107	49	5	785	885	284	374	1.39e-07	47.0
7_11	6_17	53.846	39	14	1	785	823	300	334	2.22e-07	46.2
7_11	6_64	40.909	44	24	1	808	849	26	69	3.17e-06	40.4
7_11	6_38	37.255	51	32	0	802	852	443	493	3.93e-06	42.4
7_11	6_23	40.816	49	24	2	800	845	267	313	6.86e-06	41.2
7_11	6_60	38.000	50	29	1	789	836	394	443	6.92e-06	41.6
7_11	6_24	28.440	109	64	3	801	895	305	413	1.30e-05	40.4
7_11	6_44	40.426	47	24	1	782	824	299	345	2.51e-05	39.7
7_11	6_39	61.905	21	8	0	808	828	58	78	3.96e-05	38.5
7_11	6_65	39.623	53	31	1	771	822	133	185	3.97e-05	38.9
7_11	6_58	30.769	65	45	0	809	873	59	123	5.89e-05	38.1
7_11	6_20	47.368	38	20	0	787	824	279	316	8.40e-05	37.7
7_11	6_37	50.000	54	27	0	25	78	241	294	8.60e-05	37.7
7_11	6_51	42.222	45	25	1	50	94	270	313	8.76e-05	37.7
7_11	6_30	28.571	49	35	0	789	837	291	339	1.06e-04	37.7
7_11	6_28	39.130	46	24	1	782	823	195	240	1.10e-04	37.0
7_11	6_25	37.778	45	28	0	778	822	235	279	1.28e-04	37.0
7_11	6_42	38.889	36	22	0	789	824	3	38	2.17e-04	35.8
7_11	6_6	53.571	28	13	0	808	835	241	268	2.42e-04	36.2
7_11	6_46	34.211	76	42	2	11	78	292	367	2.52e-04	36.2
7_11	6_53	44.444	36	20	0	789	824	74	109	2.80e-04	34.3
7_11	6_8	23.438	64	48	1	771	833	235	298	8.07e-04	34.7
7_11	6_43	56.522	23	10	0	808	830	198	220	0.001	33.9
7_12	6_7	57.895	76	32	0	74	149	243	318	5.42e-25	94.0
7_12	6_17	57.353	68	29	0	82	149	267	334	2.76e-22	85.9
7_12	6_23	59.322	59	24	0	90	148	231	289	2.70e-20	80.1
7_12	6_25	59.649	57	23	0	92	148	223	279	6.56e-20	79.0
7_12	6_43	46.067	89	40	1	60	148	132	212	8.65e-20	77.4
7_12	6_55	50.633	79	36	1	90	168	167	242	1.36e-19	77.0
7_12	6_36	91.892	37	3	0	89	125	238	274	3.30e-19	76.3
7_12	6_53	52.308	65	31	0	84	148	43	107	4.17e-19	72.8
7_12	6_39	56.667	60	26	0	89	148	13	72	1.70e-18	74.7
7_12	6_44	47.500	80	42	0	92	171	287	366	6.95e-18	73.6
7_12	6_6	50.820	61	30	0	90	150	197	257	8.20e-18	73.2
7_12	6_24	50.000	60	30	0	90	149	268	327	2.38e-17	72.0
7_12	6_65	54.545	66	27	1	90	152	127	192	2.70e-17	71.6
7_12	6_46	57.895	57	24	0	87	143	338	394	3.65e-17	71.6
7_12	6_15	43.056	72	41	0	80	151	163	234	9.87e-17	70.1
7_12	6_57	40.566	106	56	3	52	155	226	326	1.42e-16	69.7
7_12	6_71	45.205	73	40	0	82	154	73	145	1.54e-16	70.1
7_12	6_60	47.561	82	37	2	98	179	377	452	1.74e-16	69.7
7_12	6_12	50.877	57	28	0	92	148	414	470	4.73e-16	68.6
7_12	6_30	37.634	93	47	1	68	149	233	325	4.83e-16	68.6
7_12	6_61	50.847	59	29	0	91	149	105	163	4.99e-16	68.2
7_12	6_59	52.632	57	27	0	92	148	269	325	6.25e-16	67.8
7_12	6_18	53.704	54	25	0	92	145	198	251	2.73e-15	65.1
7_12	6_51	37.349	83	48	1	66	148	252	330	9.27e-15	64.7
7_12	6_69	51.724	58	28	0	92	149	209	266	9.89e-15	63.9
7_12	6_52	45.161	62	34	0	92	153	129	190	2.18e-14	63.2
7_12	6_28	48.276	58	30	0	92	149	183	240	3.06e-14	62.4
7_12	6_21	44.776	67	36	1	84	150	273	338	3.92e-14	62.4
7_12	6_20	38.824	85	45	2	72	149	231	315	1.05e-13	61.2
7_12	6_37	56.522	46	20	0	95	140	273	318	1.78e-13	60.5
7_12	6_47	48.077	52	27	0	92	143	249	300	3.64e-13	59.3
7_12	6_38	44.444	54	30	0	94	147	409	462	3.77e-13	59.7
7_12	6_49	51.923	52	25	0	92	143	186	237	4.77e-13	59.3
7_12	6_19	46.154	52	28	0	98	149	1	52	1.02e-12	57.8
7_12	6_3	46.552	58	31	0	90	147	43	100	2.04e-12	57.4
7_12	6_0	35.714	84	48	2	84	161	64	147	8.23e-12	55.5
7_12	6_45	40.000	60	36	0	89	148	60	119	3.04e-11	53.9
7_12	6_8	34.343	99	56	3	54	145	188	284	3.11e-11	54.3
7_12	6_58	39.683	63	38	0	88	150	12	74	4.21e-11	53.1
7_12	6_14	46.000	50	27	0	91	140	709	758	3.26e-10	51.2
7_12	6_64	62.500	32	12	0	118	149	10	41	1.39e-09	47.4
7_12	6_2	31.193	109	61	4	41	148	246	341	4.45e-08	44.7
7_12	6_68	44.898	49	27	0	88	136	125	173	2.90e-07	42.0
7_12	6_42	42.857	42	24	0	113	154	1	42	4.12e-07	40.8
7_12	6_66	34.286	70	46	0	89	158	155	224	6.82e-07	40.8
7_12	6_63	36.667	60	38	0	92	151	300	359	1.59e-06	40.0
7_12	6_11	32.308	65	44	0	84	148	290	354	7.40e-06	37.7
7_12	6_40	30.769	52	35	1	106	157	45	95	1.38e-05	35.0
7_12	6_22	33.333	57	38	0	92	148	175	231	1.41e-05	37.0
7_12	6_67	33.696	92	57	3	92	179	981	1072	3.57e-05	36.2
7_12	6_4	27.632	76	52	1	88	160	359	434	1.87e-04	33.5
7_12	6_1	41.026	39	23	0	109	147	48	86	2.49e-04	33.1
7_12	6_62	28.333	60	43	0	90	149	217	276	2.74e-04	33.1
7_12	6_48	27.586	58	42	0	90	147	308	365	8.79e-04	31.6
7_13	6_5	84.906	53	6	1	1	53	169	219	1.41e-25	96.3
7_13	6_1	58.730	63	25	1	13	74	24	86	3.75e-19	80.5
7_13	6_41	51.316	76	33	2	13	84	41	116	1.03e-18	78.6
7_13	6_56	69.565	46	10	2	4	49	69	110	2.01e-15	64.3
7_13	6_33	42.105	57	33	0	17	73	128	184	2.38e-13	62.8
7_13	6_26	43.103	58	33	0	18	75	358	415	2.45e-13	63.2
7_13	6_54	44.643	56	31	0	18	73	402	457	1.77e-12	60.5
7_13	6_50	39.683	63	38	0	13	75	63	125	2.69e-10	52.0
7_13	6_9	38.776	49	30	0	27	75	2	50	2.42e-08	45.1
7_13	6_34	48.077	52	23	3	22	72	232	280	1.01e-06	42.4
7_13	6_29	50.000	36	18	0	38	73	153	188	6.96e-05	35.8
7_13	6_28	30.769	78	53	1	1	78	166	242	7.56e-05	35.8
7_13	6_51	32.099	81	40	3	7	76	255	331	1.29e-04	35.4
7_13	6_69	34.483	58	35	1	19	76	212	266	1.41e-04	35.0
7_13	6_58	40.476	42	25	0	38	79	35	76	1.85e-04	34.7
7_13	6_21	33.333	60	37	1	18	77	282	338	4.38e-04	33.5
7_13	6_59	34.000	50	33	0	26	75	276	325	4.61e-04	33.5
7_13	6_55	27.835	97	59	2	18	112	166	253	4.65e-04	33.5
7_13	6_44	29.577	71	46	2	7	76	277	344	5.04e-04	33.5
7_13	6_53	26.389	72	53	0	18	89	50	121	5.69e-04	32.0
7_13	6_22	31.579	76	43	3	21	87	172	247	8.48e-04	32.7
7_13	6_23	32.955	88	47	3	9	93	220	298	8.59e-04	32.7
7_14	6_5	57.273	110	32	5	121	228	123	219	1.34e-32	117
7_14	6_1	60.714	56	22	0	194	249	31	86	3.91e-18	78.6
7_14	6_41	35.897	117	55	3	147	259	16	116	3.21e-17	74.7
7_14	6_56	60.784	51	14	2	174	224	66	110	3.65e-14	61.2
7_14	6_26	44.444	63	32	1	189	248	351	413	3.65e-13	63.5
7_14	6_54	44.828	58	32	0	191	248	400	457	8.42e-13	62.4
7_14	6_33	30.631	111	61	2	192	286	128	238	1.31e-12	61.2
7_14	6_50	38.095	63	39	0	188	250	63	125	4.21e-10	52.4
7_14	6_9	38.776	49	30	0	202	250	2	50	5.99e-08	44.3
7_14	6_34	50.000	50	21	3	199	247	234	280	6.23e-07	43.5
7_14	6_22	31.858	113	66	5	196	298	172	283	1.65e-06	42.0
7_14	6_55	32.323	99	48	4	213	310	188	268	2.02e-06	41.2
7_14	6_29	50.000	36	18	0	213	248	153	188	2.32e-05	38.1
7_14	6_15	30.000	70	46	1	184	250	162	231	8.08e-05	36.6
7_14	6_58	40.476	42	25	0	213	254	35	76	9.25e-05	36.2
7_14	6_23	33.333	72	36	2	214	282	253	315	1.67e-04	35.4
7_14	6_28	28.169	71	51	0	184	254	173	243	1.69e-04	35.4
7_14	6_53	29.412	85	49	2	177	254	31	111	1.81e-04	33.9
7_14	6_11	28.090	89	57	2	201	284	305	391	1.91e-04	35.4
7_14	6_59	34.000	50	33	0	201	250	276	325	4.21e-04	34.3
7_14	6_2	27.368	95	60	2	184	269	275	369	4.52e-04	34.3
7_14	6_65	33.333	63	37	2	222	279	157	219	4.93e-04	34.3
7_14	6_38	26.000	100	64	2	193	290	404	495	5.03e-04	34.3
7_14	6_51	33.333	63	34	2	193	251	273	331	5.13e-04	34.3
7_14	6_21	26.667	75	53	1	180	252	264	338	6.30e-04	33.9
7_14	6_69	34.483	58	35	1	194	251	212	266	6.52e-04	33.5
7_15	6_67	45.599	568	184	14	453	963	239	738	9.30e-124	404
7_15	6_67	39.600	250	109	4	874	1110	875	1095	1.88e-51	189
7_15	6_67	32.836	201	123	2	453	648	873	1066	4.86e-23	97.8
7_15	6_27	27.602	221	141	6	874	1086	279	488	1.22e-15	72.8
7_15	6_27	33.871	124	67	5	408	517	218	340	3.38e-12	61.6
7_15	6_11	31.429	105	72	0	986	1090	284	388	4.81e-11	57.8
7_15	6_58	31.579	76	48	1	983	1058	3	74	2.09e-08	48.9
7_15	6_22	28.571	140	96	1	974	1109	149	288	1.01e-07	47.0
7_15	6_71	36.207	58	37	0	1000	1057	83	140	6.80e-07	44.7
7_15	6_61	31.944	72	49	0	987	1058	93	164	3.53e-06	42.4
7_15	6_50	31.944	72	42	2	988	1056	58	125	3.73e-06	41.2
7_15	6_59	35.088	57	37	0	1000	1056	269	325	4.24e-06	42.0
7_15	6_9	28.049	82	53	1	1017	1092	11	92	7.18e-06	39.3
7_15	6_53	38.462	65	35	1	1000	1059	51	115	7.43e-06	38.9
7_15	6_2	20.202	99	71	1	960	1058	253	343	1.73e-05	40.0
7_15	6_45	30.556	72	49	1	996	1066	59	130	2.20e-05	39.3
7_15	6_34	35.417	48	31	0	1006	1053	233	280	5.36e-05	38.5
7_15	6_12	32.877	73	48	1	1000	1072	414	485	8.80e-05	37.7
7_15	6_15	28.346	127	83	4	1000	1123	175	296	9.92e-05	37.4
7_15	6_19	38.462	52	32	0	1006	1057	1	52	7.78e-04	34.3
7_15	6_30	30.508	59	41	0	1000	1058	268	326	8.29e-04	34.7
7_15	6_10	23.333	90	61	1	958	1047	561	642	0.001	34.7
7_16	6_67	46.127	568	199	14	453	981	239	738	4.01e-124	405
7_16	6_67	39.600	250	109	4	892	1128	875	1095	1.72e-51	190
7_16	6_67	57.143	77	33	0	453	529	873	949	2.35e-22	95.5
7_16	6_27	27.602	221	141	6	892	1104	279	488	1.12e-15	72.8
7_16	6_27	33.871	124	67	5	408	517	218	340	3.36e-12	61.6
7_16	6_11	31.429	105	72	0	1004	1108	284	388	5.34e-11	57.8
7_16	6_58	31.579	76	48	1	1001	1076	3	74	1.98e-08	48.9
7_16	6_22	28.571	140	96	1	992	1127	149	288	9.20e-08	47.4
7_16	6_71	36.207	58	37	0	1018	1075	83	140	6.92e-07	44.7
7_16	6_61	31.944	72	49	0	1005	1076	93	164	3.44e-06	42.4
7_16	6_50	31.944	72	42	2	1006	1074	58	125	3.72e-06	41.2
7_16	6_59	35.088	57	37	0	1018	1074	269	325	4.06e-06	42.0
7_16	6_53	38.462	65	35	1	1018	1077	51	115	7.06e-06	38.9
7_16	6_9	28.049	82	53	1	1035	1110	11	92	7.17e-06	39.3
7_16	6_2	20.202	99	71	1	978	1076	253	343	1.76e-05	40.0
7_16	6_45	30.556	72	49	1	1014	1084	59	130	2.28e-05	39.3
7_16	6_34	35.417	48	31	0	1024	1071	233	280	5.50e-05	38.5
7_16	6_12	32.877	73	48	1	1018	1090	414	485	9.04e-05	37.7
7_16	6_15	28.346	127	83	4	1018	1141	175	296	9.76e-05	37.7
7_16	6_19	38.462	52	32	0	1024	1075	1	52	7.43e-04	34.3
7_16	6_30	30.508	59	41	0	1018	1076	268	326	8.22e-04	34.7
7_16	6_10	23.333	90	61	1	976	1065	561	642	0.001	34.7
7_17	6_55	56.667	30	13	0	43	72	169	198	3.54e-06	40.0
7_17	6_23	53.333	30	14	0	43	72	233	262	2.66e-05	37.7
7_17	6_61	40.476	42	25	0	32	73	95	136	5.07e-05	37.0
7_17	6_71	43.182	44	23	2	29	72	71	112	6.67e-05	36.6
7_17	6_7	41.176	34	20	0	40	73	258	291	1.71e-04	35.0
7_18	6_51	77.660	94	21	0	81	174	253	346	1.38e-48	157
7_18	6_24	58.462	65	27	0	98	162	266	330	2.79e-19	77.4
7_18	6_60	50.000	72	36	0	95	166	364	435	6.96e-18	73.6
7_18	6_7	55.556	63	28	0	99	161	258	320	2.81e-17	71.6
7_18	6_38	53.623	69	31	1	97	164	401	469	8.39e-17	70.5
7_18	6_57	38.000	100	57	2	98	196	257	352	1.80e-16	69.3
7_18	6_25	50.000	70	31	1	99	164	220	289	6.47e-16	67.4
7_18	6_43	59.322	59	24	0	100	158	154	212	2.12e-15	65.1
7_18	6_55	35.000	100	65	0	99	198	166	265	4.56e-15	64.3
7_18	6_49	40.860	93	53	1	101	193	185	275	5.83e-15	64.7
7_18	6_46	48.148	54	28	0	100	153	341	394	8.64e-15	64.3
7_18	6_65	46.667	75	36	1	84	158	115	185	1.43e-14	63.5
7_18	6_28	47.143	70	35	1	100	167	181	250	4.41e-14	61.6
7_18	6_6	46.154	65	34	1	100	163	197	261	6.09e-14	61.6
7_18	6_53	48.333	60	31	0	99	158	48	107	7.89e-14	58.5
7_18	6_45	40.909	66	39	0	93	158	54	119	9.16e-14	61.2
7_18	6_17	38.462	78	48	0	98	175	273	350	3.06e-13	59.7
7_18	6_69	43.243	74	40	1	100	171	207	280	6.09e-13	58.5
7_18	6_23	43.662	71	40	0	96	166	227	297	6.66e-13	58.5
7_18	6_59	49.123	57	29	0	102	158	269	325	2.61e-12	57.0
7_18	6_71	35.443	79	51	0	88	166	69	147	4.82e-12	56.6
7_18	6_44	44.828	58	32	0	102	159	287	344	1.19e-11	55.1
7_18	6_15	45.763	59	32	0	100	158	173	231	1.45e-11	54.7
7_18	6_37	54.348	46	21	0	105	150	273	318	1.78e-11	54.3
7_18	6_18	50.000	56	26	1	98	153	196	249	3.74e-11	53.1
7_18	6_12	43.103	58	33	0	102	159	414	471	3.97e-11	53.5
7_18	6_47	48.148	54	28	0	100	153	247	300	8.20e-11	52.4
7_18	6_20	43.333	60	34	0	99	158	255	314	9.54e-11	52.4
7_18	6_52	41.935	62	36	0	102	163	129	190	9.81e-11	52.4
7_18	6_39	44.068	59	33	0	100	158	14	72	3.02e-10	50.8
7_18	6_30	40.299	67	39	1	99	165	265	330	7.22e-10	50.1
7_18	6_21	44.068	59	33	0	100	158	278	336	7.34e-10	49.7
7_18	6_58	41.538	65	37	1	100	164	14	77	1.35e-09	48.9
7_18	6_61	37.705	61	38	0	99	159	103	163	2.53e-09	48.1
7_18	6_0	29.592	98	62	1	99	196	70	160	2.88e-09	47.8
7_18	6_3	40.000	60	36	0	98	157	41	100	7.50e-09	46.6
7_18	6_8	40.909	66	35	2	92	155	221	284	1.41e-08	46.2
7_18	6_19	36.066	61	39	0	108	168	1	61	8.90e-08	43.1
7_18	6_42	43.243	37	21	0	131	167	9	45	6.60e-07	40.4
7_18	6_48	34.247	73	46	2	98	169	306	377	8.97e-07	40.4
7_18	6_32	50.000	36	17	1	99	134	257	291	1.15e-06	40.0
7_18	6_34	34.545	55	28	1	101	155	234	280	4.63e-06	38.5
7_18	6_2	35.593	59	38	0	100	158	283	341	9.04e-06	37.4
7_18	6_67	27.586	58	42	0	101	158	980	1037	2.40e-05	36.6
7_18	6_22	35.088	57	37	0	102	158	175	231	2.64e-05	36.2
7_18	6_11	30.882	68	47	0	98	165	294	361	2.94e-05	35.8
7_18	6_9	29.825	57	37	1	121	177	13	66	4.05e-05	34.7
7_18	6_68	37.681	69	38	2	100	168	127	190	4.99e-05	35.0
7_18	6_63	37.288	59	37	0	100	158	298	356	1.14e-04	34.3
7_18	6_66	37.288	59	37	0	100	158	156	214	2.15e-04	33.1
7_18	6_64	53.571	28	13	0	132	159	14	41	2.60e-04	32.0
7_18	6_50	31.250	64	38	2	99	160	68	127	4.19e-04	32.0
7_18	6_36	41.667	36	21	0	100	135	239	274	4.72e-04	32.0
7_19	6_39	42.466	73	36	1	74	146	14	80	5.68e-16	67.4
7_19	6_11	40.860	93	54	1	76	168	298	389	7.54e-14	61.6
7_19	6_52	48.276	58	30	0	76	133	129	186	8.53e-13	58.5
7_19	6_22	39.175	97	54	2	76	168	175	270	3.60e-12	56.6
7_19	6_53	42.424	66	38	0	74	139	49	114	5.84e-12	53.1
7_19	6_2	50.000	54	27	0	79	132	288	341	2.11e-11	54.3
7_19	6_30	42.424	66	38	0	76	141	268	333	2.11e-11	54.7
7_19	6_0	39.130	69	42	0	64	132	61	129	4.41e-11	53.1
7_19	6_62	42.857	56	32	0	77	132	220	275	6.42e-11	52.8
7_19	6_4	38.806	67	41	0	66	132	353	419	8.27e-11	52.8
7_19	6_55	38.356	73	45	0	74	146	167	239	1.27e-10	51.6
7_19	6_23	38.028	71	44	0	74	144	231	301	1.38e-10	52.0
7_19	6_3	41.379	58	34	0	74	131	43	100	1.96e-10	51.2
7_19	6_15	38.983	59	36	0	74	132	173	231	2.74e-10	51.2
7_19	6_19	42.188	64	36	1	82	145	1	63	3.70e-10	50.1
7_19	6_43	34.211	76	49	1	74	148	154	229	3.47e-09	47.4
7_19	6_42	47.273	55	22	2	98	149	2	52	1.01e-08	45.4
7_19	6_7	35.484	62	40	0	74	135	259	320	2.70e-08	45.1
7_19	6_8	27.143	140	86	3	74	203	229	362	3.19e-08	45.1
7_19	6_58	33.871	62	41	0	72	133	12	73	6.54e-08	43.9
7_19	6_71	27.273	88	64	0	74	161	81	168	1.42e-07	43.1
7_19	6_38	35.135	74	45	2	70	141	399	471	2.48e-07	42.4
7_19	6_10	40.426	47	28	0	77	123	596	642	2.88e-07	42.4
7_19	6_51	30.392	102	64	3	53	147	249	350	2.97e-07	42.0
7_19	6_59	36.667	60	38	0	73	132	266	325	3.03e-07	42.0
7_19	6_12	32.759	58	39	0	76	133	414	471	4.72e-07	41.6
7_19	6_24	32.895	76	48	2	69	141	261	336	5.85e-07	41.2
7_19	6_57	31.429	70	48	0	71	140	256	325	5.89e-07	41.2
7_19	6_6	32.203	59	40	0	74	132	197	255	1.33e-06	40.0
7_19	6_28	28.947	76	54	0	71	146	178	253	2.09e-06	39.3
7_19	6_61	38.596	57	35	0	76	132	106	162	2.10e-06	39.3
7_19	6_44	32.558	86	50	3	76	158	287	367	5.60e-06	38.1
7_19	6_60	55.556	27	12	0	106	132	401	427	2.99e-05	35.8
7_19	6_45	29.825	57	40	0	76	132	63	119	3.54e-05	35.4
7_19	6_50	27.941	68	46	1	76	140	66	133	4.85e-05	35.0
7_19	6_16	34.545	55	35	1	74	127	30	84	5.78e-05	34.7
7_19	6_65	28.814	59	42	0	74	132	127	185	7.21e-05	34.7
7_19	6_69	27.692	65	47	0	71	135	204	268	7.59e-05	34.7
7_19	6_49	31.429	70	42	2	63	127	169	237	9.78e-05	34.3
7_19	6_20	45.161	31	17	0	108	138	290	320	1.40e-04	33.9
7_19	6_21	30.508	59	41	0	74	132	278	336	1.45e-04	33.9
7_19	6_9	30.909	55	35	1	89	140	4	58	1.55e-04	32.7
7_19	6_18	34.615	52	34	0	76	127	198	249	1.72e-04	33.1
7_19	6_46	31.481	54	37	0	74	127	341	394	2.46e-04	33.1
7_19	6_34	32.558	43	29	0	89	131	240	282	3.43e-04	32.7
7_20	6_70	34.940	249	111	3	10	208	7	254	1.69e-45	149
7_20	6_2	30.000	80	51	2	72	148	278	355	9.88e-06	37.7
7_20	6_11	34.043	47	26	1	93	139	315	356	1.09e-04	34.7
7_20	6_71	35.385	65	24	2	78	142	98	144	1.27e-04	34.7
7_20	6_34	32.653	49	33	0	94	142	245	293	2.16e-04	33.5
7_20	6_22	38.000	50	28	1	85	131	181	230	0.001	31.6
7_21	6_53	68.750	64	20	0	300	363	46	109	3.65e-26	95.9
7_21	6_52	47.170	106	47	2	306	402	130	235	1.16e-21	89.4
7_21	6_8	37.391	115	70	1	249	363	177	289	2.85e-21	89.4
7_21	6_19	63.462	52	19	0	311	362	1	52	1.84e-20	83.2
7_21	6_3	62.295	61	23	0	302	362	42	102	6.23e-20	82.8
7_21	6_30	50.000	80	39	1	302	380	264	343	6.93e-20	84.7
7_21	6_39	50.000	74	37	0	290	363	1	74	7.75e-18	76.6
7_21	6_15	54.237	59	27	0	303	361	173	231	8.05e-17	74.7
7_21	6_0	53.226	62	29	0	302	363	70	131	8.24e-17	73.6
7_21	6_42	72.973	37	10	0	328	364	3	39	2.96e-15	67.0
7_21	6_7	44.928	69	36	2	296	362	250	318	3.68e-14	66.2
7_21	6_20	38.889	72	44	0	302	373	255	326	6.30e-14	65.5
7_21	6_6	44.444	63	35	0	300	362	194	256	1.99e-13	63.5
7_21	6_24	27.820	133	82	3	303	423	268	398	4.89e-13	63.2
7_21	6_23	43.333	60	34	0	302	361	230	289	9.62e-13	61.6
7_21	6_43	46.429	56	30	0	306	361	157	212	1.30e-12	60.1
7_21	6_68	53.191	47	22	0	303	349	127	173	1.58e-12	60.8
7_21	6_55	41.667	60	35	0	302	361	166	225	1.87e-12	59.7
7_21	6_17	38.983	59	36	0	308	366	280	338	1.06e-11	58.5
7_21	6_65	42.623	61	34	1	302	361	125	185	2.24e-11	57.4
7_21	6_38	36.765	68	43	0	301	368	403	470	2.37e-11	57.8
7_21	6_61	40.625	64	38	0	306	369	107	170	3.33e-11	57.0
7_21	6_44	45.161	62	34	0	306	367	288	349	3.42e-11	57.0
7_21	6_51	41.667	72	40	1	290	361	261	330	5.58e-11	56.2
7_21	6_60	41.538	65	37	1	300	364	367	430	9.04e-11	55.8
7_21	6_2	35.443	79	49	1	283	361	265	341	1.13e-10	55.5
7_21	6_22	45.312	64	33	1	306	367	176	239	1.28e-10	55.1
7_21	6_58	36.905	84	52	1	303	386	14	96	1.31e-10	54.3
7_21	6_25	32.979	94	60	1	271	361	186	279	3.93e-10	53.1
7_21	6_59	39.655	58	35	0	304	361	268	325	6.97e-10	52.8
7_21	6_71	40.000	60	36	0	303	362	81	140	9.58e-10	52.8
7_21	6_21	30.233	86	58	1	291	376	268	351	1.98e-09	51.2
7_21	6_62	36.667	60	38	0	303	362	217	276	2.82e-09	50.8
7_21	6_28	35.821	67	43	0	303	369	181	247	6.28e-09	49.3
7_21	6_69	38.983	59	36	0	303	361	207	265	6.97e-09	48.9
7_21	6_49	41.509	53	31	0	304	356	185	237	9.21e-09	49.3
7_21	6_57	38.983	59	36	0	303	361	259	317	1.31e-08	48.9
7_21	6_11	38.961	77	47	0	292	368	285	361	1.37e-08	48.9
7_21	6_47	38.889	54	33	0	303	356	247	300	2.16e-08	47.8
7_21	6_37	41.304	46	27	0	308	353	273	318	2.94e-08	47.4
7_21	6_46	39.286	56	34	0	301	356	339	394	2.95e-08	47.8
7_21	6_12	37.500	56	35	0	308	363	417	472	3.24e-08	47.8
7_21	6_18	41.509	53	31	0	306	358	199	251	1.46e-07	44.7
7_21	6_64	42.424	33	19	0	330	362	9	41	1.25e-06	40.4
7_21	6_40	32.877	73	44	1	296	363	17	89	1.44e-06	39.3
7_21	6_67	34.177	79	50	1	287	365	965	1041	1.51e-06	42.7
7_21	6_45	33.333	54	36	0	308	361	66	119	2.90e-06	41.2
7_21	6_66	36.364	66	41	1	300	365	153	217	6.01e-06	40.0
7_21	6_50	42.857	35	20	0	327	361	91	125	1.29e-05	38.5
7_21	6_9	40.000	35	21	0	327	361	16	50	2.22e-05	37.0
7_21	6_63	30.508	59	41	0	303	361	298	356	3.77e-05	37.7
7_21	6_14	34.694	49	32	0	305	353	710	758	3.83e-05	38.1
7_21	6_13	24.324	148	82	4	297	417	258	402	4.77e-05	37.7
7_21	6_48	33.333	54	36	0	303	356	308	361	5.23e-05	37.4
7_21	6_4	29.310	58	41	0	304	361	362	419	1.68e-04	35.8
7_21	6_34	33.333	45	30	0	319	363	241	285	6.27e-04	33.9
7_22	6_13	42.194	237	90	5	6	201	145	375	2.79e-51	168
7_22	6_0	29.670	91	46	2	94	181	73	148	1.20e-08	46.6
7_22	6_15	34.722	72	32	1	94	165	175	231	7.35e-08	44.7
7_22	6_8	32.558	86	36	4	94	172	231	301	2.42e-07	43.1
7_22	6_3	32.051	78	38	1	94	171	45	107	3.48e-07	42.4
7_22	6_50	37.333	75	29	2	94	165	66	125	4.91e-07	41.6
7_22	6_34	39.189	74	29	3	98	170	231	289	9.05e-07	41.2
7_22	6_22	30.588	85	44	2	87	171	168	237	9.98e-07	41.2
7_22	6_53	30.000	100	55	1	66	165	23	107	1.07e-06	38.9
7_22	6_9	35.294	68	26	2	106	170	3	55	4.33e-06	37.7
7_22	6_52	29.167	72	36	1	94	165	129	185	5.48e-06	38.9
7_22	6_48	20.710	169	96	6	15	174	236	375	1.46e-05	37.4
7_22	6_57	30.769	91	47	3	94	183	261	336	2.40e-05	37.0
7_22	6_55	35.802	81	37	3	93	173	168	233	2.63e-05	36.2
7_22	6_19	26.804	97	51	2	100	191	1	82	3.56e-05	35.8
7_22	6_39	29.545	88	47	3	94	181	16	88	5.15e-05	35.4
7_22	6_2	27.273	77	38	2	97	170	288	349	5.41e-05	35.8
7_22	6_23	31.111	90	45	3	82	169	219	293	6.02e-05	35.4
7_22	6_45	29.630	81	42	1	94	174	63	128	9.12e-05	34.7
7_22	6_58	25.316	79	44	1	87	165	9	72	1.20e-04	34.3
7_22	6_1	23.585	106	55	2	78	172	4	94	2.09e-04	33.9
7_22	6_59	29.730	74	37	2	94	167	269	327	2.78e-04	33.5
7_22	6_65	26.667	135	73	6	88	218	119	231	2.89e-04	33.5
7_22	6_17	29.167	72	36	2	94	165	277	333	3.62e-04	33.1
7_22	6_43	31.646	79	39	3	87	165	149	212	3.78e-04	32.7
7_22	6_11	24.675	77	43	1	93	169	297	358	4.82e-04	32.7
7_22	6_7	25.974	77	42	1	94	170	261	322	6.63e-04	32.3
7_22	6_25	28.767	73	37	2	94	166	223	280	7.12e-04	32.0
7_22	6_68	30.645	62	42	1	94	155	129	189	8.10e-04	32.0
7_22	6_28	31.944	72	34	2	94	165	183	239	8.85e-04	31.6
7_22	6_60	35.135	37	24	0	139	175	401	437	8.95e-04	32.0
7_24	6_1	53.448	116	54	0	1	116	38	153	2.90e-37	128
7_24	6_1	39.706	68	36	3	162	225	279	345	1.16e-07	43.9
7_24	6_41	59.091	88	36	0	1	88	55	142	2.20e-31	110
7_24	6_26	47.727	44	23	0	5	48	370	413	2.98e-12	57.8
7_24	6_33	45.455	44	24	0	5	48	141	184	3.14e-11	54.7
7_24	6_9	39.216	51	31	0	2	52	2	52	1.56e-09	47.8
7_24	6_50	43.137	51	29	0	2	52	77	127	2.62e-09	48.1
7_24	6_54	40.909	44	26	0	5	48	414	457	9.45e-09	47.4
7_24	6_34	51.163	43	18	2	5	47	241	280	1.14e-07	43.9
7_24	6_29	44.444	36	20	0	13	48	153	188	1.20e-05	37.4
7_24	6_15	31.148	61	34	1	17	69	198	258	1.38e-04	34.3
7_24	6_5	56.522	23	10	0	5	27	196	218	1.99e-04	33.5
7_24	6_58	30.508	59	31	1	1	49	13	71	6.57e-04	32.0
7_24	6_17	37.500	48	30	0	2	49	285	332	8.47e-04	32.0
7_25	6_21	70.408	98	26	1	68	165	254	348	2.23e-44	142
7_25	6_69	51.899	79	31	1	90	161	202	280	9.26e-21	79.0
7_25	6_28	51.429	70	34	0	90	159	176	245	4.37e-19	74.3
7_25	6_47	53.731	67	29	1	82	148	236	300	3.85e-18	72.0
7_25	6_43	50.704	71	33	1	94	162	153	223	2.30e-17	69.3
7_25	6_25	47.222	72	37	1	92	163	219	289	1.56e-16	67.8
7_25	6_20	48.684	76	28	2	96	165	251	321	2.43e-16	67.4
7_25	6_44	47.368	76	39	1	97	172	287	361	3.09e-16	67.4
7_25	6_7	45.312	64	35	0	90	153	254	317	8.69e-14	60.1
7_25	6_61	43.860	57	32	0	97	153	106	162	2.78e-13	58.9
7_25	6_12	41.379	58	34	0	96	153	413	470	3.11e-13	58.5
7_25	6_55	39.024	82	44	2	95	170	167	248	3.79e-13	57.8
7_25	6_17	45.714	70	35	1	97	166	277	343	4.41e-13	58.2
7_25	6_23	38.667	75	40	1	95	169	231	299	9.33e-13	57.0
7_25	6_14	43.860	57	31	1	89	145	703	758	3.23e-12	55.8
7_25	6_18	45.455	55	30	0	97	151	198	252	3.86e-12	55.1
7_25	6_38	41.429	70	38	1	103	172	413	479	4.66e-12	55.5
7_25	6_6	34.146	82	54	0	91	172	193	274	1.78e-11	53.5
7_25	6_60	39.474	76	43	2	95	170	371	443	2.69e-11	53.1
7_25	6_46	38.983	59	36	0	90	148	336	394	3.42e-11	52.8
7_25	6_65	42.254	71	35	2	94	161	123	190	4.58e-11	52.4
7_25	6_24	39.130	69	40	1	95	161	268	336	2.75e-10	50.1
7_25	6_59	40.351	57	34	0	97	153	269	325	5.12e-10	49.3
7_25	6_51	43.939	66	37	0	95	160	272	337	5.98e-10	48.9
7_25	6_15	37.313	67	42	0	87	153	165	231	1.50e-09	47.8
7_25	6_57	35.821	67	43	0	87	153	251	317	2.49e-09	47.4
7_25	6_71	32.203	59	40	0	95	153	81	139	5.37e-09	46.2
7_25	6_64	57.143	35	15	0	129	163	16	50	5.75e-09	44.7
7_25	6_53	40.678	59	35	0	95	153	49	107	1.43e-08	43.1
7_25	6_0	36.508	63	37	1	94	153	67	129	1.47e-08	44.7
7_25	6_30	34.286	70	45	1	95	164	266	334	2.05e-08	44.7
7_25	6_2	32.877	73	46	1	87	156	272	344	2.56e-08	44.3
7_25	6_8	36.207	58	37	0	95	152	229	286	5.07e-08	43.5
7_25	6_37	41.304	46	27	0	100	145	273	318	5.67e-08	43.1
7_25	6_45	33.898	59	39	0	97	155	63	121	7.99e-08	42.7
7_25	6_3	41.270	63	33	1	92	150	36	98	8.08e-08	42.7
7_25	6_52	37.705	61	37	1	97	157	129	188	1.41e-07	42.0
7_25	6_58	35.593	59	38	0	95	153	14	72	2.13e-07	41.2
7_25	6_11	32.967	91	52	2	83	172	283	365	3.52e-07	40.8
7_25	6_49	36.538	52	33	0	97	148	186	237	6.40e-07	40.0
7_25	6_63	33.871	62	41	0	97	158	300	361	7.87e-07	40.0
7_25	6_42	60.714	28	11	0	126	153	9	36	1.55e-06	38.5
7_25	6_22	36.207	58	34	1	100	154	175	232	3.62e-06	37.7
7_25	6_66	34.921	63	39	1	94	154	153	215	6.53e-06	37.0
7_25	6_39	33.898	59	39	0	95	153	14	72	1.30e-05	36.2
7_25	6_19	35.294	51	33	0	103	153	1	51	1.76e-05	35.4
7_25	6_50	31.148	61	39	1	96	153	65	125	2.45e-05	35.0
7_25	6_26	26.582	79	53	2	87	160	346	424	3.50e-05	35.0
7_25	6_4	31.034	58	40	0	97	154	363	420	2.21e-04	32.7
7_25	6_48	28.986	69	49	0	84	152	297	365	6.34e-04	31.2
7_25	6_67	27.941	68	48	1	87	153	970	1037	6.69e-04	31.2
7_25	6_34	32.558	43	29	0	110	152	240	282	0.001	30.8
7_26	6_7	48.387	93	43	3	72	160	250	341	4.66e-22	85.5
7_26	6_24	52.113	71	34	0	81	151	268	338	9.08e-22	84.7
7_26	6_6	52.941	68	32	0	81	148	197	264	1.01e-21	84.0
7_26	6_57	40.972	144	69	6	28	167	214	345	3.14e-21	83.2
7_26	6_46	49.412	85	40	1	53	134	310	394	4.07e-21	82.8
7_26	6_25	52.000	75	36	0	77	151	217	291	6.56e-20	78.6
7_26	6_17	51.389	72	35	0	77	148	271	342	1.86e-19	77.8
7_26	6_23	55.000	60	27	0	80	139	230	289	6.70e-19	75.9
7_26	6_55	55.000	60	27	0	80	139	166	225	1.04e-18	74.3
7_26	6_44	53.333	60	28	0	83	142	287	346	6.62e-18	73.6
7_26	6_43	43.023	86	46	1	60	145	136	218	7.17e-18	72.0
7_26	6_37	49.315	73	37	0	59	131	246	318	2.85e-17	70.9
7_26	6_65	51.429	70	32	1	72	139	116	185	3.12e-16	68.6
7_26	6_71	50.000	60	30	0	81	140	81	140	4.18e-16	68.6
7_26	6_51	35.714	112	54	2	80	191	271	364	4.83e-16	68.2
7_26	6_60	50.847	59	29	0	81	139	369	427	5.51e-16	67.8
7_26	6_20	45.714	70	38	0	71	140	246	315	6.34e-16	67.8
7_26	6_38	49.153	59	30	0	80	138	404	462	2.50e-15	65.9
7_26	6_49	42.529	87	49	1	82	167	185	271	3.22e-15	65.5
7_26	6_61	39.326	89	52	1	65	153	90	176	4.97e-15	65.1
7_26	6_28	43.373	83	38	2	69	149	176	251	7.85e-15	63.9
7_26	6_47	49.057	53	27	0	82	134	248	300	1.51e-14	63.2
7_26	6_39	45.763	59	32	0	81	139	14	72	2.59e-14	62.4
7_26	6_18	48.148	54	28	0	83	136	198	251	3.91e-14	61.6
7_26	6_69	42.857	63	36	0	81	143	207	269	6.16e-14	61.2
7_26	6_12	53.704	54	25	0	86	139	417	470	6.95e-14	61.6
7_26	6_53	37.879	66	41	0	74	139	42	107	2.93e-13	56.6
7_26	6_59	44.828	58	32	0	82	139	268	325	4.70e-13	58.9
7_26	6_30	30.841	107	70	1	55	157	236	342	6.08e-13	58.9
7_26	6_15	40.678	59	35	0	81	139	173	231	2.83e-12	57.0
7_26	6_21	42.373	59	34	0	81	139	278	336	7.76e-12	55.5
7_26	6_52	27.778	144	85	3	19	161	82	207	2.05e-11	54.3
7_26	6_3	37.333	75	44	1	64	138	29	100	6.34e-11	52.8
7_26	6_0	30.588	85	59	0	55	139	45	129	2.17e-10	51.2
7_26	6_8	26.126	111	66	1	71	181	219	313	1.54e-09	48.9
7_26	6_19	36.364	55	35	0	89	143	1	55	1.74e-09	48.1
7_26	6_64	48.936	47	18	2	94	140	1	41	3.35e-09	46.2
7_26	6_58	32.500	80	48	1	81	154	14	93	1.31e-08	45.8
7_26	6_45	37.037	54	34	0	86	139	66	119	1.53e-08	45.8
7_26	6_66	34.177	79	52	0	61	139	136	214	4.21e-08	44.3
7_26	6_14	36.538	52	33	0	80	131	707	758	1.55e-07	43.1
7_26	6_4	32.051	78	44	1	62	139	351	419	2.33e-06	39.3
7_26	6_63	27.451	102	72	2	39	139	256	356	5.77e-06	38.1
7_26	6_2	26.364	110	73	1	38	139	232	341	5.92e-06	38.1
7_26	6_32	41.667	36	21	0	78	113	255	290	7.45e-06	37.4
7_26	6_11	33.333	57	38	0	83	139	298	354	1.19e-05	37.0
7_26	6_22	28.462	130	77	3	83	211	175	289	1.51e-05	36.6
7_26	6_42	48.276	29	15	0	112	140	9	37	2.03e-05	35.8
7_26	6_68	25.146	171	98	7	41	199	102	254	2.18e-05	36.2
7_26	6_36	41.026	39	23	0	78	116	236	274	3.12e-05	35.4
7_26	6_26	28.395	81	54	1	56	136	336	412	3.29e-05	35.8
7_26	6_67	26.250	80	59	0	61	140	959	1038	2.49e-04	33.1
7_26	6_34	34.667	75	38	2	82	156	234	297	3.85e-04	32.3
7_26	6_62	23.810	63	48	0	81	143	217	279	3.87e-04	32.3
7_27	6_24	82.443	131	23	0	10	140	252	382	1.76e-78	234
7_27	6_6	53.846	78	30	1	26	97	197	274	1.18e-21	81.6
7_27	6_7	52.055	73	35	0	26	98	259	331	1.51e-20	79.0
7_27	6_51	35.404	161	74	5	14	145	247	406	9.44e-19	73.9
7_27	6_60	55.556	63	28	0	26	88	369	431	1.30e-18	73.6
7_27	6_46	36.937	111	63	2	26	129	341	451	2.52e-18	72.8
7_27	6_17	46.053	76	40	1	22	96	271	346	3.93e-18	72.0
7_27	6_38	50.000	80	36	2	22	99	399	476	4.39e-18	72.0
7_27	6_55	46.970	66	35	0	26	91	167	232	1.17e-17	69.7
7_27	6_25	43.038	79	45	0	28	106	223	301	1.91e-17	69.7
7_27	6_23	50.000	64	32	0	26	89	231	294	2.55e-17	69.7
7_27	6_57	50.820	61	30	0	24	84	257	317	3.90e-17	69.3
7_27	6_65	52.542	59	28	0	26	84	127	185	4.82e-17	68.9
7_27	6_43	47.761	67	35	0	18	84	146	212	2.69e-16	65.9
7_27	6_44	44.444	63	35	0	28	90	287	349	4.38e-16	66.2
7_27	6_49	50.943	53	26	0	27	79	185	237	4.57e-14	60.5
7_27	6_71	31.915	94	64	0	26	119	81	174	4.82e-14	60.5
7_27	6_37	54.348	46	21	0	31	76	273	318	1.87e-13	58.5
7_27	6_59	41.270	63	37	0	25	87	266	328	1.93e-13	58.5
7_27	6_47	46.296	54	29	0	26	79	247	300	3.25e-13	57.8
7_27	6_53	44.068	59	33	0	26	84	49	107	6.25e-13	54.7
7_27	6_12	42.105	57	33	0	28	84	414	470	7.78e-13	57.0
7_27	6_18	46.154	52	28	0	28	79	198	249	9.33e-13	56.2
7_27	6_28	39.394	66	40	0	26	91	181	246	1.13e-12	55.8
7_27	6_30	41.026	78	42	2	26	100	266	342	1.13e-12	56.2
7_27	6_61	40.909	66	34	1	31	96	109	169	1.34e-12	56.2
7_27	6_3	33.333	81	54	0	13	93	30	110	4.79e-12	54.3
7_27	6_45	32.353	68	45	1	22	88	56	123	5.39e-12	54.3
7_27	6_69	37.879	66	41	0	26	91	207	272	1.18e-11	53.1
7_27	6_20	39.437	71	38	1	20	85	245	315	2.38e-11	52.4
7_27	6_15	42.593	54	31	0	31	84	178	231	4.15e-11	52.0
7_27	6_52	42.593	54	31	0	31	84	132	185	7.61e-11	51.2
7_27	6_39	42.373	59	34	0	26	84	14	72	7.81e-11	50.8
7_27	6_19	37.288	59	37	0	34	92	1	59	5.17e-10	48.1
7_27	6_21	36.923	65	41	0	20	84	272	336	1.81e-09	47.0
7_27	6_58	33.766	77	44	1	26	95	14	90	1.32e-08	44.3
7_27	6_0	30.508	59	41	0	26	84	71	129	2.98e-08	43.5
7_27	6_8	30.667	75	50	1	26	98	229	303	3.01e-08	43.5
7_27	6_66	44.262	61	33	1	26	86	157	216	3.19e-08	43.5
7_27	6_64	50.000	26	13	0	60	85	16	41	1.20e-06	38.1
7_27	6_32	50.000	34	16	1	27	60	259	291	1.82e-06	38.1
7_27	6_42	38.889	36	22	0	57	92	9	44	5.30e-06	36.6
7_27	6_2	33.898	59	39	0	26	84	283	341	5.56e-06	37.0
7_27	6_22	35.088	57	37	0	28	84	175	231	8.19e-06	36.6
7_27	6_63	37.288	59	37	0	26	84	298	356	8.26e-06	36.6
7_27	6_14	34.783	46	30	0	31	76	713	758	1.28e-05	35.8
7_27	6_11	26.316	76	55	1	24	99	294	368	1.65e-05	35.4
7_27	6_40	25.000	44	33	0	41	84	44	87	1.03e-04	32.0
7_27	6_48	28.571	56	40	0	24	79	306	361	1.21e-04	33.1
7_27	6_68	32.653	49	33	0	26	74	127	175	1.38e-04	32.7
7_27	6_31	52.174	23	11	0	28	50	100	122	3.88e-04	30.4
7_27	6_35	60.000	20	8	0	28	47	179	198	5.61e-04	30.8
7_27	6_36	38.889	36	22	0	26	61	239	274	6.74e-04	30.8
7_27	6_34	38.462	39	24	0	51	89	250	288	7.05e-04	30.8
7_27	6_50	25.000	64	45	1	31	91	69	132	8.38e-04	30.4
7_28	6_53	73.333	60	16	0	184	243	39	98	1.20e-24	90.9
7_28	6_68	50.000	76	35	1	172	244	102	177	2.54e-17	74.7
7_28	6_3	66.667	51	17	0	193	243	42	92	1.04e-16	72.8
7_28	6_30	52.308	65	31	0	179	243	251	315	1.15e-16	73.9
7_28	6_52	66.667	48	16	0	196	243	129	176	1.28e-16	73.2
7_28	6_19	64.286	42	15	0	202	243	1	42	3.21e-15	67.4
7_28	6_8	62.745	51	19	0	193	243	228	278	2.44e-14	66.6
7_28	6_15	47.458	59	31	0	185	243	164	222	9.17e-13	61.2
7_28	6_39	58.000	50	21	0	194	243	14	63	6.53e-12	58.2
7_28	6_0	44.828	58	31	1	186	243	64	120	3.36e-11	56.2
7_28	6_23	47.059	51	27	0	193	243	230	280	4.13e-09	49.7
7_28	6_55	45.098	51	28	0	193	243	166	216	1.77e-08	47.4
7_28	6_7	39.216	51	31	0	193	243	258	308	5.41e-08	46.6
7_28	6_42	62.963	27	10	0	217	243	1	27	1.58e-07	43.5
7_28	6_65	37.931	58	36	0	186	243	119	176	1.97e-07	44.7
7_28	6_43	44.000	50	28	0	194	243	154	203	2.86e-07	43.5
7_28	6_12	30.189	106	50	2	161	243	357	461	3.07e-07	44.3
7_28	6_58	42.000	50	29	0	194	243	14	63	1.24e-06	41.6
7_28	6_61	37.736	53	33	0	191	243	101	153	5.19e-06	40.0
7_28	6_37	40.000	45	27	0	199	243	273	317	6.64e-06	39.7
7_28	6_28	36.923	65	34	1	179	243	173	230	7.86e-06	39.3
7_28	6_59	38.776	49	30	0	195	243	268	316	8.05e-06	39.3
7_28	6_21	32.308	65	43	1	179	243	264	327	8.59e-06	39.3
7_28	6_47	38.095	63	37	2	182	243	235	296	9.50e-06	38.9
7_28	6_25	35.294	51	33	0	193	243	220	270	1.82e-05	38.1
7_28	6_49	38.776	49	30	0	195	243	185	233	3.33e-05	37.4
7_28	6_2	33.333	81	48	2	167	243	254	332	3.98e-05	37.4
7_28	6_22	34.694	49	32	0	195	243	174	222	4.99e-05	37.0
7_28	6_17	35.417	48	31	0	196	243	277	324	6.06e-05	36.6
7_28	6_24	36.000	50	32	0	194	243	268	317	6.21e-05	36.6
7_28	6_6	33.333	51	34	0	193	243	196	246	6.52e-05	36.6
7_28	6_20	33.333	51	34	0	193	243	255	305	8.72e-05	36.2
7_28	6_51	37.255	51	32	0	193	243	271	321	1.03e-04	35.8
7_28	6_46	31.944	72	47	1	174	243	319	390	1.06e-04	35.8
7_28	6_69	34.921	63	34	1	181	243	201	256	1.18e-04	35.4
7_28	6_18	38.182	55	34	0	189	243	191	245	4.00e-04	33.9
7_28	6_38	34.615	52	34	0	192	243	403	454	8.21e-04	33.1
7_29	6_62	61.850	173	54	3	1	170	107	270	2.61e-63	193
7_29	6_11	30.409	171	87	3	1	170	210	349	3.80e-21	82.0
7_29	6_2	25.306	245	107	6	2	170	92	336	1.23e-17	72.0
7_29	6_22	24.855	173	122	4	1	170	59	226	7.24e-12	55.1
7_29	6_39	35.185	54	35	0	117	170	14	67	8.95e-09	45.8
7_29	6_3	31.169	77	49	1	98	170	20	96	2.69e-08	44.3
7_29	6_52	39.216	51	31	0	120	170	130	180	3.73e-08	44.3
7_29	6_0	37.255	51	32	0	120	170	74	124	8.45e-08	43.1
7_29	6_10	42.553	47	27	0	120	166	596	642	3.56e-07	41.6
7_29	6_15	33.333	54	36	0	117	170	173	226	5.02e-07	40.8
7_29	6_8	35.185	54	35	0	117	170	229	282	5.64e-07	40.8
7_29	6_67	33.333	54	36	0	120	173	982	1035	9.72e-07	40.0
7_29	6_58	35.185	54	35	0	117	170	14	67	1.16e-06	39.7
7_29	6_42	53.571	28	13	0	143	170	4	31	1.80e-06	38.5
7_29	6_53	33.333	54	36	0	117	170	49	102	2.15e-06	37.4
7_29	6_30	27.679	112	66	2	59	170	223	319	2.78e-06	38.5
7_29	6_34	40.909	44	26	0	127	170	235	278	5.95e-06	37.7
7_29	6_49	32.653	49	33	0	122	170	189	237	6.22e-06	37.4
7_29	6_4	33.333	51	34	0	120	170	364	414	2.17e-05	35.8
7_29	6_71	34.694	49	32	0	122	170	86	134	9.59e-05	34.3
7_29	6_19	32.609	46	31	0	125	170	1	46	1.32e-04	33.1
7_29	6_44	32.203	59	33	2	113	171	288	339	2.10e-04	33.1
7_29	6_61	36.364	55	29	2	120	171	107	158	2.10e-04	33.1
7_29	6_65	31.148	61	32	2	115	170	125	180	2.18e-04	32.7
7_29	6_9	37.500	48	25	1	124	171	4	46	2.48e-04	32.0
7_29	6_27	24.590	61	46	0	120	180	406	466	2.97e-04	32.7
7_29	6_47	31.148	61	29	2	113	170	250	300	4.34e-04	32.0
7_29	6_59	33.333	51	34	0	120	170	270	320	6.04e-04	31.6
7_29	6_55	29.091	55	39	0	116	170	166	220	6.44e-04	31.2
7_29	6_38	43.333	30	14	1	142	171	433	459	8.39e-04	31.2
7_30	6_7	49.333	75	29	2	73	141	254	325	1.04e-14	64.3
7_30	6_60	28.000	150	77	6	37	160	314	458	1.35e-13	60.8
7_30	6_38	35.652	115	44	4	78	184	405	497	3.34e-13	59.7
7_30	6_25	51.562	64	25	1	75	132	218	281	3.64e-13	59.3
7_30	6_46	49.153	59	24	1	73	125	336	394	3.06e-12	57.0
7_30	6_65	46.774	62	27	1	78	133	127	188	2.32e-11	54.3
7_30	6_49	54.545	44	20	0	79	122	185	228	2.89e-10	50.8
7_30	6_17	41.791	67	29	2	74	130	267	333	3.80e-10	50.4
7_30	6_57	45.588	68	31	1	69	130	250	317	7.23e-10	50.1
7_30	6_44	38.462	78	42	1	80	151	287	364	8.63e-10	49.7
7_30	6_55	36.792	106	48	4	48	142	137	234	1.38e-09	48.5
7_30	6_69	41.667	72	36	1	78	143	207	278	1.65e-09	48.5
7_30	6_51	41.791	67	33	1	78	138	272	338	2.04e-09	48.5
7_30	6_23	40.580	69	35	1	78	140	231	299	2.99e-09	47.8
7_30	6_6	40.678	59	29	1	78	130	197	255	3.12e-09	47.8
7_30	6_61	42.029	69	32	2	68	130	96	162	3.85e-09	47.8
7_30	6_28	39.189	74	39	1	73	140	176	249	7.78e-09	46.6
7_30	6_24	33.019	106	56	4	44	143	240	336	8.99e-09	46.6
7_30	6_20	35.354	99	53	4	74	165	251	345	1.56e-08	45.8
7_30	6_43	42.623	61	29	1	78	132	154	214	1.77e-08	45.4
7_30	6_71	38.710	62	37	1	78	138	81	142	1.82e-08	45.8
7_30	6_37	50.000	40	20	0	83	122	273	312	3.31e-08	44.7
7_30	6_39	38.571	70	34	2	70	133	9	75	5.23e-08	43.9
7_30	6_53	37.179	78	42	2	69	140	41	117	1.97e-07	40.8
7_30	6_0	35.955	89	41	3	71	153	66	144	2.46e-07	42.0
7_30	6_15	37.313	67	36	1	70	130	165	231	2.52e-07	42.4
7_30	6_18	42.308	52	24	1	80	125	198	249	4.54e-07	41.2
7_30	6_52	40.323	62	31	1	80	135	129	190	5.02e-07	41.2
7_30	6_21	33.333	66	38	1	77	136	277	342	6.06e-06	38.1
7_30	6_59	37.931	58	30	1	80	131	269	326	8.47e-06	37.4
7_30	6_32	47.500	40	15	1	72	105	246	285	1.09e-05	37.0
7_30	6_36	47.222	36	19	0	78	113	239	274	2.27e-05	36.2
7_30	6_12	35.088	57	31	1	80	130	414	470	2.69e-05	36.2
7_30	6_45	32.759	58	33	1	80	131	63	120	8.33e-05	34.3
7_30	6_30	30.952	84	47	2	80	157	268	346	1.18e-04	34.3
7_30	6_47	35.849	53	28	1	79	125	248	300	1.98e-04	33.1
7_30	6_68	37.736	53	29	1	70	122	123	171	7.27e-04	31.6
7_31	6_61	56.962	79	32	1	54	130	106	184	5.20e-28	103
7_31	6_43	60.656	61	24	0	54	114	156	216	5.53e-20	79.3
7_31	6_44	60.345	58	23	0	54	111	287	344	7.93e-19	77.8
7_31	6_7	53.333	60	28	0	52	111	259	318	3.40e-17	73.2
7_31	6_69	50.000	64	32	0	52	115	207	270	8.11e-17	70.9
7_31	6_28	48.438	64	33	0	52	115	181	244	2.44e-16	69.3
7_31	6_17	50.820	61	30	0	54	114	277	337	7.32e-16	68.9
7_31	6_21	45.902	61	33	0	50	110	276	336	1.72e-15	67.8
7_31	6_18	56.604	53	23	0	53	105	197	249	1.90e-15	66.6
7_31	6_25	39.773	88	46	2	54	139	223	305	6.68e-15	65.9
7_31	6_23	49.153	59	30	0	52	110	231	289	9.16e-15	65.5
7_31	6_47	42.308	78	41	1	32	105	223	300	1.49e-14	64.3
7_31	6_46	50.000	54	27	0	52	105	341	394	1.56e-14	65.1
7_31	6_59	49.123	57	29	0	54	110	269	325	1.71e-14	64.7
7_31	6_71	41.667	60	35	0	52	111	81	140	5.63e-14	63.5
7_31	6_30	34.848	132	58	4	54	166	268	390	1.14e-13	62.8
7_31	6_55	47.368	57	30	0	54	110	169	225	1.36e-13	61.6
7_31	6_24	49.091	55	28	0	57	111	273	327	1.48e-13	62.4
7_31	6_65	43.478	69	37	1	54	122	129	195	1.78e-13	62.0
7_31	6_20	39.655	58	35	0	55	112	259	316	1.80e-13	62.0
7_31	6_60	52.941	51	24	0	60	110	377	427	1.97e-13	62.0
7_31	6_52	33.125	160	72	6	53	207	128	257	3.35e-13	60.8
7_31	6_45	46.552	58	31	0	53	110	62	119	3.87e-13	60.5
7_31	6_6	43.077	65	37	0	50	114	195	259	5.00e-13	60.5
7_31	6_12	41.667	60	35	0	53	112	413	472	7.19e-13	60.1
7_31	6_58	40.984	61	36	0	51	111	13	73	8.72e-13	59.3
7_31	6_0	29.661	118	76	2	6	116	18	135	2.73e-12	58.2
7_31	6_57	33.077	130	72	4	14	129	210	338	3.61e-12	58.2
7_31	6_37	50.000	46	23	0	57	102	273	318	4.10e-12	57.4
7_31	6_3	48.214	56	29	0	52	107	43	98	4.27e-12	57.4
7_31	6_15	34.118	85	54	2	52	136	173	255	6.34e-12	57.0
7_31	6_38	49.020	51	26	0	57	107	410	460	1.12e-11	56.6
7_31	6_51	47.368	57	30	0	54	110	274	330	1.56e-11	55.8
7_31	6_49	36.923	65	41	0	41	105	173	237	2.19e-11	55.5
7_31	6_39	43.478	69	36	2	44	110	5	72	3.55e-11	54.7
7_31	6_53	36.458	96	57	2	16	107	9	104	3.55e-11	52.0
7_31	6_19	39.759	83	46	2	60	140	1	81	4.80e-11	53.5
7_31	6_8	39.344	61	37	0	52	112	229	289	6.88e-11	54.3
7_31	6_22	35.294	85	52	2	26	110	150	231	2.47e-09	49.3
7_31	6_66	34.146	82	46	2	48	125	148	225	1.50e-07	43.5
7_31	6_14	37.500	48	30	0	55	102	711	758	1.55e-07	43.9
7_31	6_4	31.746	63	43	0	54	116	363	425	5.76e-07	42.0
7_31	6_64	61.538	26	10	0	86	111	16	41	1.40e-06	39.3
7_31	6_2	33.333	66	44	0	47	112	278	343	2.69e-06	40.0
7_31	6_48	26.471	68	48	1	51	116	307	374	4.27e-06	39.3
7_31	6_42	50.000	30	15	0	83	112	9	38	7.31e-06	37.7
7_31	6_62	29.167	72	45	2	47	115	212	280	7.50e-06	38.5
7_31	6_67	36.207	58	37	0	54	111	981	1038	8.28e-06	38.5
7_31	6_63	32.911	79	42	4	38	110	283	356	1.19e-05	38.1
7_31	6_36	50.000	36	18	0	52	87	239	274	5.27e-05	35.4
7_31	6_68	37.313	67	37	2	52	117	127	189	1.72e-04	34.3
7_31	6_11	33.333	57	38	0	54	110	298	354	4.22e-04	33.1
7_32	6_19	65.591	93	26	2	82	169	1	92	4.10e-34	120
7_32	6_53	77.419	62	14	0	71	132	46	107	4.22e-30	105
7_32	6_30	47.475	99	52	0	35	133	227	325	5.11e-27	105
7_32	6_52	60.000	70	27	1	76	145	129	197	2.55e-23	92.8
7_32	6_3	62.121	66	22	1	73	135	42	107	1.02e-22	90.1
7_32	6_39	43.243	111	60	2	70	177	10	120	2.75e-21	85.9
7_32	6_15	61.017	59	23	0	74	132	173	231	8.56e-21	85.9
7_32	6_8	54.167	72	33	0	73	144	228	299	7.56e-20	83.6
7_32	6_0	53.333	60	28	0	73	132	70	129	3.43e-17	73.9
7_32	6_42	54.545	55	25	0	97	151	1	55	1.37e-15	67.4
7_32	6_7	42.308	78	43	1	65	140	250	327	2.70e-15	68.9
7_32	6_2	35.652	115	64	2	22	132	233	341	1.98e-14	66.6
7_32	6_23	42.857	77	42	1	58	132	213	289	6.17e-14	64.7
7_32	6_68	38.889	90	54	1	31	120	85	173	8.36e-14	63.9
7_32	6_55	35.238	105	60	2	73	174	166	265	2.38e-13	62.0
7_32	6_24	43.284	67	38	0	74	140	268	334	4.04e-13	62.4
7_32	6_43	42.683	82	41	2	60	135	134	215	4.38e-13	60.8
7_32	6_6	42.857	63	36	0	71	133	194	256	8.91e-13	60.8
7_32	6_59	41.176	68	40	0	75	142	268	335	2.16e-12	59.7
7_32	6_22	32.432	111	73	1	69	179	168	276	2.48e-12	59.7
7_32	6_65	37.209	86	51	1	50	132	100	185	3.06e-12	59.3
7_32	6_60	40.678	59	35	0	74	132	369	427	1.34e-11	57.8
7_32	6_17	35.000	60	39	0	75	134	276	335	5.40e-11	55.5
7_32	6_38	46.667	60	32	0	72	131	403	462	8.74e-11	55.1
7_32	6_25	41.667	60	35	0	73	132	220	279	9.59e-11	54.3
7_32	6_61	40.260	77	45	1	73	148	103	179	1.04e-10	54.7
7_32	6_44	41.538	65	38	0	69	133	280	344	1.62e-10	54.3
7_32	6_12	40.299	67	40	0	76	142	414	480	2.30e-10	53.9
7_32	6_51	41.538	65	38	0	70	134	268	332	4.70e-10	52.8
7_32	6_58	38.333	60	37	0	74	133	14	73	4.81e-10	52.0
7_32	6_20	39.130	69	41	1	65	133	248	315	5.84e-10	52.4
7_32	6_47	36.765	68	43	0	60	127	233	300	6.07e-10	52.0
7_32	6_28	38.571	70	41	1	74	143	181	248	1.14e-09	50.8
7_32	6_69	40.984	61	36	0	74	134	207	267	2.53e-09	49.7
7_32	6_13	30.579	121	63	2	33	132	218	338	6.94e-09	49.3
7_32	6_11	37.209	86	49	2	63	144	286	370	1.11e-08	48.5
7_32	6_45	38.333	60	36	1	76	135	63	121	1.25e-08	47.8
7_32	6_46	41.071	56	33	0	72	127	339	394	1.37e-08	48.1
7_32	6_71	34.118	85	51	2	64	147	75	155	2.34e-08	47.8
7_32	6_18	44.444	54	30	0	76	129	198	251	2.75e-08	46.2
7_32	6_37	46.667	45	24	0	79	123	273	317	3.09e-08	46.6
7_32	6_21	37.288	59	37	0	74	132	278	336	1.15e-07	45.1
7_32	6_49	37.736	53	33	0	75	127	185	237	2.29e-07	44.3
7_32	6_50	35.821	67	38	2	76	138	66	131	2.75e-07	43.1
7_32	6_57	33.898	59	39	0	74	132	259	317	1.60e-06	41.6
7_32	6_48	35.135	74	42	2	55	127	293	361	2.05e-06	41.2
7_32	6_62	31.667	60	41	0	74	133	217	276	4.37e-06	40.0
7_32	6_64	36.364	33	21	0	101	133	9	41	8.09e-06	37.7
7_32	6_9	36.111	36	23	0	99	134	17	52	1.09e-04	34.3
7_32	6_26	30.864	81	55	1	50	129	332	412	1.10e-04	35.8
7_32	6_67	30.508	59	41	0	75	133	980	1038	1.37e-04	35.8
7_32	6_4	25.373	67	50	0	66	132	353	419	1.47e-04	35.4
7_32	6_63	28.814	59	42	0	74	132	298	356	2.25e-04	34.7
7_32	6_66	24.691	81	54	1	59	132	134	214	3.85e-04	33.9
7_32	6_54	34.884	43	28	0	87	129	414	456	4.42e-04	33.9
7_32	6_34	45.455	33	18	0	99	131	250	282	8.43e-04	33.1
7_34	6_57	55.245	143	56	3	89	229	212	348	4.44e-46	154
7_34	6_49	66.667	90	28	1	142	229	185	274	3.15e-34	120
7_34	6_46	46.617	133	64	3	113	242	316	444	1.81e-26	100
7_34	6_24	55.000	60	27	0	141	200	268	327	3.62e-19	79.3
7_34	6_65	50.746	67	33	0	133	199	119	185	7.94e-19	77.8
7_34	6_71	55.172	58	26	0	143	200	83	140	1.01e-18	78.2
7_34	6_32	72.549	51	12	1	121	169	236	286	1.71e-18	75.9
7_34	6_25	43.750	80	44	1	132	211	212	290	3.53e-17	72.4
7_34	6_51	34.579	107	66	1	108	210	235	341	1.41e-16	71.2
7_34	6_38	48.485	66	34	0	139	204	403	468	2.05e-16	70.9
7_34	6_69	50.000	62	31	0	141	202	207	268	3.54e-16	69.3
7_34	6_6	45.714	70	35	1	141	210	197	263	4.31e-16	69.3
7_34	6_60	47.619	63	33	0	141	203	369	431	8.17e-16	68.9
7_34	6_44	47.368	57	30	0	143	199	287	343	8.70e-16	68.9
7_34	6_7	49.231	65	33	0	138	202	256	320	9.45e-16	68.9
7_34	6_12	48.438	64	33	0	143	206	414	477	1.22e-15	68.6
7_34	6_28	48.387	62	32	0	141	202	181	242	3.29e-15	66.2
7_34	6_37	41.791	67	39	0	125	191	252	318	5.12e-15	66.2
7_34	6_55	44.776	67	37	0	133	199	159	225	6.38e-15	65.5
7_34	6_31	80.000	35	7	0	131	165	88	122	8.29e-15	62.0
7_34	6_17	51.724	58	28	0	143	200	277	334	9.72e-15	65.5
7_34	6_23	43.836	73	40	1	133	204	222	294	2.68e-14	64.3
7_34	6_43	40.506	79	47	0	123	201	136	214	2.92e-14	63.2
7_34	6_59	43.860	57	32	0	143	199	269	325	7.12e-14	62.8
7_34	6_21	31.250	144	81	5	66	199	201	336	9.54e-14	62.4
7_34	6_18	50.000	52	26	0	143	194	198	249	1.00e-13	61.6
7_34	6_20	35.821	67	43	0	138	204	253	319	1.54e-13	62.0
7_34	6_61	43.077	65	37	0	140	204	103	167	6.56e-13	60.1
7_34	6_47	39.062	64	39	0	131	194	237	300	7.81e-13	59.3
7_34	6_30	32.673	101	57	2	113	202	227	327	1.88e-12	58.9
7_34	6_45	40.351	57	34	0	143	199	63	119	1.02e-11	56.2
7_34	6_15	37.333	75	43	1	127	201	163	233	2.20e-11	55.5
7_34	6_52	27.206	136	81	3	104	222	81	215	2.68e-11	55.1
7_34	6_53	41.791	67	38	1	133	199	42	107	3.32e-11	52.0
7_34	6_3	36.620	71	44	1	140	209	42	112	1.36e-10	52.8
7_34	6_39	40.678	59	35	0	141	199	14	72	5.59e-10	50.8
7_34	6_0	31.325	83	54	1	120	199	47	129	8.86e-10	50.4
7_34	6_58	35.000	60	39	0	141	200	14	73	2.57e-08	45.8
7_34	6_8	35.088	57	37	0	140	196	228	284	2.87e-08	46.2
7_34	6_19	27.885	104	59	2	149	247	1	93	4.07e-08	45.1
7_34	6_2	31.000	100	63	2	113	206	249	348	4.28e-08	45.4
7_34	6_42	47.222	36	19	0	165	200	2	37	1.34e-07	43.1
7_34	6_22	28.571	98	57	1	106	203	151	235	3.39e-07	42.7
7_34	6_66	34.177	79	51	1	121	199	137	214	9.11e-07	41.2
7_34	6_64	53.571	28	13	0	175	202	16	43	9.42e-07	39.7
7_34	6_63	31.579	95	62	1	105	199	265	356	1.04e-06	41.2
7_34	6_13	26.667	105	52	3	141	229	264	359	2.08e-06	40.4
7_34	6_14	36.957	46	29	0	146	191	713	758	2.23e-06	40.4
7_34	6_62	24.359	78	57	1	146	223	222	297	1.62e-05	37.4
7_34	6_67	30.508	59	41	0	142	200	980	1038	2.39e-05	37.4
7_34	6_26	28.723	94	60	3	115	205	332	421	3.44e-05	36.6
7_34	6_68	31.818	66	44	1	122	187	109	173	3.63e-05	36.2
7_34	6_11	25.620	121	68	3	106	204	242	362	7.11e-05	35.4
7_34	6_4	30.000	60	42	0	142	201	362	421	2.60e-04	33.9
7_34	6_34	31.818	88	45	3	135	210	207	291	3.44e-04	33.5
7_35	6_30	81.818	77	14	0	16	92	285	361	4.23e-43	144
7_35	6_52	44.118	102	52	2	17	118	147	243	5.21e-20	79.3
7_35	6_53	65.217	46	16	0	17	62	69	114	6.17e-19	72.0
7_35	6_19	70.000	40	12	0	17	56	13	52	1.23e-18	73.9
7_35	6_3	68.085	47	13	1	14	58	58	104	2.07e-17	71.6
7_35	6_39	67.442	43	14	0	17	59	34	76	4.13e-17	70.9
7_35	6_0	52.703	74	27	2	17	83	91	163	5.08e-17	70.5
7_35	6_42	68.421	38	12	0	20	57	1	38	8.35e-16	65.5
7_35	6_8	44.828	58	31	1	17	74	249	305	1.20e-12	58.2
7_35	6_15	51.282	39	19	0	17	55	193	231	2.90e-11	53.9
7_35	6_58	41.304	46	27	0	15	60	32	77	5.45e-10	50.1
7_35	6_59	40.000	50	30	0	12	61	282	331	1.18e-08	46.2
7_35	6_7	38.636	44	27	0	16	59	278	321	1.81e-08	45.8
7_35	6_6	37.931	58	29	1	17	67	217	274	1.83e-08	45.4
7_35	6_64	42.500	40	23	0	24	63	9	48	2.71e-08	43.5
7_35	6_23	35.484	62	39	1	17	78	251	311	1.47e-07	42.7
7_35	6_24	38.983	59	33	2	12	67	281	339	1.57e-07	43.1
7_35	6_61	44.231	52	29	0	17	68	124	175	1.98e-07	42.7
7_35	6_38	40.426	47	28	0	17	63	425	471	2.23e-07	42.4
7_35	6_55	35.185	54	35	0	17	70	187	240	3.38e-07	41.6
7_35	6_60	53.571	28	13	0	28	55	400	427	3.60e-07	42.0
7_35	6_68	66.667	27	9	0	17	43	147	173	3.79e-07	41.6
7_35	6_17	37.778	45	28	0	16	60	294	338	4.83e-07	41.2
7_35	6_2	48.000	50	25	1	11	59	296	345	7.66e-07	40.8
7_35	6_43	42.500	40	23	0	16	55	173	212	1.01e-06	40.0
7_35	6_12	34.783	46	30	0	12	57	427	472	1.53e-06	40.0
7_35	6_44	41.176	51	26	2	14	60	298	348	1.82e-06	39.7
7_35	6_11	29.592	98	65	2	15	108	314	411	1.92e-06	39.7
7_35	6_20	35.556	45	29	0	16	60	275	319	6.76e-06	37.7
7_35	6_71	26.230	61	45	0	10	70	94	154	6.87e-06	38.1
7_35	6_65	35.714	42	27	0	17	58	147	188	1.33e-05	37.0
7_35	6_28	30.159	63	44	0	8	70	192	254	1.46e-05	36.6
7_35	6_22	37.500	48	30	0	17	64	193	240	3.09e-05	35.8
7_35	6_25	30.435	46	32	0	10	55	234	279	9.90e-05	34.3
7_35	6_45	33.333	39	26	0	17	55	81	119	2.98e-04	32.7
7_35	6_50	29.787	47	29	1	13	55	79	125	3.66e-04	32.3
7_35	6_9	28.571	91	45	5	13	84	4	93	4.01e-04	31.6
7_35	6_4	42.308	26	15	0	30	55	394	419	4.98e-04	32.3
7_35	6_47	37.209	43	23	2	12	50	258	300	8.20e-04	31.2
7_35	6_51	41.176	34	19	1	28	60	303	336	0.001	31.2
7_36	6_39	45.455	55	30	0	1	55	18	72	9.27e-14	60.8
7_36	6_2	51.852	54	26	0	2	55	288	341	2.70e-12	56.6
7_36	6_52	45.455	55	30	0	2	56	132	186	6.78e-12	55.5
7_36	6_30	40.278	72	37	1	2	73	271	336	8.03e-12	55.5
7_36	6_11	44.444	63	35	0	2	64	301	363	4.72e-11	53.1
7_36	6_19	43.396	53	30	0	5	57	1	53	4.75e-11	52.4
7_36	6_53	43.636	55	31	0	2	56	54	108	3.00e-10	48.5
7_36	6_62	41.818	55	32	0	1	55	221	275	3.19e-10	50.4
7_36	6_22	46.296	54	29	0	2	55	178	231	4.37e-10	50.1
7_36	6_4	40.741	54	32	0	2	55	366	419	1.68e-09	48.5
7_36	6_15	38.889	54	33	0	2	55	178	231	1.89e-09	48.1
7_36	6_3	43.396	53	30	0	2	54	48	100	2.91e-09	47.4
7_36	6_23	41.270	63	35	1	1	63	235	295	5.39e-09	47.0
7_36	6_0	38.596	57	35	0	2	58	76	132	1.12e-08	45.8
7_36	6_7	38.889	54	33	0	2	55	264	317	2.98e-08	44.7
7_36	6_55	30.233	86	59	1	1	86	171	255	5.53e-08	43.5
7_36	6_42	40.741	54	20	1	21	74	2	43	1.55e-07	42.0
7_36	6_43	41.818	55	30	2	2	55	159	212	2.00e-07	42.0
7_36	6_61	36.667	60	38	0	2	61	109	168	2.49e-07	42.0
7_36	6_12	34.545	55	36	0	2	56	417	471	3.55e-07	41.6
7_36	6_58	34.545	55	36	0	2	56	19	73	4.60e-07	40.8
7_36	6_38	35.065	77	44	2	2	78	410	480	7.75e-07	40.4
7_36	6_10	39.130	46	28	0	1	46	597	642	1.34e-06	40.0
7_36	6_50	32.308	65	41	1	2	63	69	133	2.52e-06	38.5
7_36	6_65	33.333	78	45	3	30	101	160	236	3.92e-06	38.5
7_36	6_60	38.596	57	33	1	5	61	377	431	4.46e-06	38.1
7_36	6_8	34.426	61	40	0	2	62	234	294	7.53e-06	37.7
7_36	6_9	34.146	41	27	0	23	63	18	58	9.09e-06	36.2
7_36	6_6	28.947	76	51	1	2	77	202	274	1.05e-05	37.0
7_36	6_34	28.571	56	40	0	5	60	233	288	1.85e-05	36.6
7_36	6_20	42.424	33	19	0	30	62	289	321	1.99e-05	36.2
7_36	6_59	40.000	55	31	2	2	55	272	325	2.32e-05	35.8
7_36	6_28	31.250	64	39	1	2	65	186	244	6.69e-05	34.3
7_36	6_51	33.929	56	37	0	2	57	277	332	6.95e-05	34.7
7_36	6_24	31.148	61	42	0	2	62	273	333	1.15e-04	33.9
7_36	6_26	34.091	44	29	0	23	66	383	426	1.18e-04	33.9
7_36	6_45	29.630	54	38	0	2	55	66	119	2.17e-04	33.1
7_36	6_44	32.258	62	36	2	2	60	290	348	2.22e-04	33.1
7_36	6_25	31.481	54	37	0	2	55	226	279	8.27e-04	31.2
7_36	6_64	36.111	36	17	1	37	72	22	51	0.001	30.4
7_37	6_38	71.186	59	17	0	72	130	410	468	8.46e-27	99.4
7_37	6_7	50.746	67	31	1	72	136	264	330	1.12e-17	72.8
7_37	6_6	45.588	68	37	0	72	139	202	269	4.18e-17	70.9
7_37	6_60	43.478	92	44	2	75	163	377	463	6.85e-17	70.5
7_37	6_57	45.333	75	40	1	59	132	250	324	1.36e-15	67.0
7_37	6_24	40.909	88	43	2	72	150	273	360	3.47e-15	65.9
7_37	6_39	34.711	121	72	3	59	179	9	122	1.09e-14	63.5
7_37	6_43	40.000	75	42	1	57	131	147	218	1.22e-14	63.2
7_37	6_49	52.000	50	24	0	71	120	188	237	4.67e-14	62.0
7_37	6_65	49.057	53	27	0	72	124	132	184	9.65e-14	61.2
7_37	6_44	48.276	58	30	0	72	129	290	347	1.33e-13	60.8
7_37	6_71	44.828	58	32	0	67	124	81	138	1.57e-13	60.8
7_37	6_61	45.833	72	32	2	65	136	105	169	2.25e-13	60.1
7_37	6_46	57.143	49	21	0	72	120	346	394	2.55e-13	60.1
7_37	6_23	43.243	74	39	1	57	130	224	294	2.95e-13	59.7
7_37	6_51	35.632	87	48	1	65	143	270	356	1.04e-12	58.2
7_37	6_55	45.902	61	30	1	64	124	167	224	3.07e-12	56.2
7_37	6_53	42.424	66	35	1	62	127	47	109	3.86e-12	53.9
7_37	6_25	34.066	91	52	1	49	131	195	285	8.12e-12	55.5
7_37	6_30	35.714	84	47	2	72	148	271	354	1.26e-11	55.1
7_37	6_15	36.232	69	41	1	63	131	172	237	1.63e-11	54.7
7_37	6_17	45.283	53	29	0	72	124	280	332	2.74e-11	53.9
7_37	6_20	44.828	58	32	0	72	129	261	318	3.40e-11	53.9
7_37	6_59	40.000	55	33	0	72	126	272	326	4.90e-11	53.1
7_37	6_28	41.667	72	37	2	66	135	183	251	5.12e-11	52.8
7_37	6_69	38.095	84	46	2	39	122	185	262	6.14e-11	52.8
7_37	6_12	40.984	61	36	0	72	132	417	477	8.49e-11	52.8
7_37	6_52	35.484	62	39	1	72	133	132	192	1.53e-10	52.0
7_37	6_18	44.000	50	28	0	71	120	200	249	1.62e-10	51.2
7_37	6_21	38.983	59	36	0	71	129	282	340	2.13e-10	51.2
7_37	6_19	32.051	78	51	1	75	150	1	78	3.65e-10	50.1
7_37	6_37	45.652	46	25	0	72	117	273	318	5.97e-10	50.1
7_37	6_3	29.167	96	55	1	65	147	41	136	8.47e-10	49.3
7_37	6_8	33.636	110	67	3	19	127	185	289	4.54e-09	47.8
7_37	6_45	37.255	51	32	0	72	122	66	116	5.56e-09	47.0
7_37	6_47	40.816	49	29	0	72	120	252	300	6.20e-09	47.0
7_37	6_58	29.730	111	71	3	51	160	1	105	1.20e-08	45.8
7_37	6_0	33.898	59	39	0	66	124	70	128	2.52e-08	45.1
7_37	6_14	41.304	46	27	0	72	117	713	758	1.52e-07	43.1
7_37	6_42	46.875	32	17	0	98	129	9	40	4.49e-07	40.8
7_37	6_64	58.065	31	11	1	101	131	16	44	4.90e-07	40.0
7_37	6_11	27.957	93	66	1	46	137	274	366	7.75e-07	40.8
7_37	6_40	30.612	49	34	0	79	127	41	89	4.77e-06	36.2
7_37	6_34	29.032	62	44	0	74	135	232	293	4.82e-06	38.5
7_37	6_27	31.250	96	49	3	72	167	408	486	4.90e-06	38.5
7_37	6_2	32.857	70	44	1	68	134	281	350	5.75e-06	38.1
7_37	6_22	35.088	57	37	0	72	128	178	234	1.64e-05	36.6
7_37	6_4	31.579	57	39	0	71	127	365	421	4.79e-05	35.4
7_37	6_67	25.000	104	65	3	72	162	984	1087	1.25e-04	34.3
7_37	6_9	26.761	71	47	1	92	162	17	82	2.86e-04	32.0
7_37	6_63	27.778	54	39	0	71	124	302	355	5.11e-04	32.3
7_37	6_66	32.692	52	35	0	71	122	160	211	6.01e-04	32.0
7_38	6_60	74.359	78	20	0	1	78	358	435	1.13e-39	140
7_38	6_38	51.515	66	32	0	9	74	402	467	1.78e-16	73.2
7_38	6_24	48.718	78	39	1	12	88	268	345	3.66e-16	72.0
7_38	6_6	56.667	60	26	0	11	70	196	255	1.45e-15	69.3
7_38	6_7	48.485	66	34	0	10	75	257	322	4.53e-15	68.2
7_38	6_46	58.182	55	23	0	11	65	340	394	6.52e-14	64.7
7_38	6_57	49.254	67	34	0	12	78	259	325	8.75e-13	61.2
7_38	6_53	44.068	59	33	0	12	70	49	107	4.58e-12	55.1
7_38	6_23	48.529	68	33	1	13	78	230	297	5.81e-12	58.5
7_38	6_17	47.143	70	34	2	6	75	270	336	8.38e-12	58.2
7_38	6_44	55.102	49	22	0	24	72	297	345	9.27e-12	58.2
7_38	6_51	49.206	63	32	0	8	70	268	330	2.01e-11	57.0
7_38	6_59	55.357	56	22	1	20	75	275	327	2.01e-11	56.6
7_38	6_43	51.724	58	26	1	20	75	162	219	2.12e-11	55.8
7_38	6_61	47.170	53	28	0	20	72	112	164	2.41e-11	56.6
7_38	6_25	51.786	56	27	0	20	75	229	284	2.83e-11	56.2
7_38	6_49	54.348	46	21	0	20	65	192	237	3.26e-11	56.2
7_38	6_20	52.000	50	24	0	24	73	268	317	3.72e-11	55.8
7_38	6_55	47.059	68	34	1	13	78	166	233	5.93e-11	54.7
7_38	6_69	46.774	62	28	2	11	70	207	265	6.80e-11	54.7
7_38	6_28	45.455	66	30	2	12	74	181	243	7.95e-11	54.3
7_38	6_47	57.143	42	18	0	24	65	259	300	1.13e-10	53.9
7_38	6_37	54.348	46	21	0	17	62	273	318	2.81e-10	52.8
7_38	6_71	45.098	51	28	0	28	78	97	147	2.97e-10	53.5
7_38	6_30	34.409	93	54	3	20	108	274	363	3.11e-10	53.5
7_38	6_21	46.154	52	28	0	24	75	290	341	3.84e-10	52.8
7_38	6_18	56.818	44	19	0	24	67	208	251	5.19e-10	51.6
7_38	6_19	44.068	59	25	3	20	75	1	54	5.75e-10	51.2
7_38	6_39	42.424	66	33	1	15	75	12	77	7.38e-10	51.6
7_38	6_45	42.308	52	30	0	20	71	69	120	1.40e-09	50.8
7_38	6_65	52.273	44	21	0	28	71	143	186	2.17e-09	50.4
7_38	6_15	38.095	63	34	1	15	72	171	233	3.17e-09	50.1
7_38	6_52	42.105	57	27	2	20	73	135	188	1.84e-08	47.4
7_38	6_12	47.458	59	31	0	17	75	417	475	1.84e-08	47.8
7_38	6_64	64.000	25	9	0	46	70	16	40	6.10e-08	43.9
7_38	6_2	50.000	34	17	0	43	76	314	347	5.00e-07	43.1
7_38	6_58	34.921	63	41	0	12	74	14	76	6.25e-07	42.4
7_38	6_42	50.000	30	15	0	43	72	9	38	1.06e-06	40.8
7_38	6_3	53.125	32	14	1	43	73	74	105	1.14e-05	38.5
7_38	6_22	52.778	36	15	1	40	73	199	234	2.84e-05	37.4
7_38	6_34	45.455	33	18	0	37	69	250	282	1.18e-04	35.4
7_38	6_8	46.667	30	16	0	43	72	260	289	3.15e-04	34.3
7_38	6_70	24.444	135	82	5	28	143	86	219	6.88e-04	33.1
7_38	6_40	27.451	51	37	0	24	74	41	91	8.12e-04	30.8
7_38	6_0	40.000	30	18	0	43	72	102	131	0.001	32.7
7_39	6_65	40.625	192	92	10	12	191	16	197	3.82e-29	105
7_39	6_46	44.262	61	34	0	108	168	325	385	2.69e-11	54.3
7_39	6_17	51.163	43	21	0	126	168	277	319	1.55e-09	48.9
7_39	6_25	47.917	48	25	0	121	168	218	265	3.64e-09	47.8
7_39	6_7	50.000	48	24	0	121	168	256	303	5.85e-09	47.4
7_39	6_57	34.247	73	45	1	99	168	231	303	1.11e-08	46.6
7_39	6_24	46.667	45	24	0	124	168	268	312	4.78e-08	44.7
7_39	6_49	44.186	43	24	0	126	168	186	228	6.31e-08	44.3
7_39	6_6	41.176	51	30	0	118	168	191	241	9.26e-08	43.5
7_39	6_38	45.000	40	22	0	129	168	410	449	2.71e-07	42.4
7_39	6_37	42.500	40	23	0	129	168	273	312	1.79e-06	39.7
7_39	6_18	44.186	43	24	0	126	168	198	240	2.58e-06	38.9
7_39	6_23	41.304	46	27	0	123	168	230	275	3.85e-06	38.9
7_39	6_39	40.000	55	32	1	114	168	5	58	6.61e-06	38.1
7_39	6_51	39.130	46	28	0	123	168	271	316	6.72e-06	38.1
7_39	6_59	39.535	43	26	0	126	168	269	311	9.42e-06	37.7
7_39	6_71	35.556	45	29	0	124	168	81	125	1.10e-05	37.7
7_39	6_12	39.535	43	26	0	126	168	414	456	3.02e-05	36.2
7_39	6_15	36.170	47	30	0	122	168	171	217	4.58e-05	35.4
7_39	6_44	41.463	41	24	0	126	166	287	327	4.81e-05	35.4
7_39	6_53	36.957	46	29	0	123	168	48	93	5.03e-05	33.9
7_39	6_43	40.000	45	27	0	124	168	154	198	6.40e-05	34.7
7_39	6_68	26.984	126	81	4	44	168	56	171	1.06e-04	34.3
7_39	6_32	38.235	34	21	0	123	156	257	290	1.27e-04	33.9
7_39	6_60	35.417	48	26	1	121	168	371	413	1.58e-04	33.9
7_39	6_19	40.541	37	22	0	132	168	1	37	2.12e-04	33.1
7_39	6_28	41.860	43	25	0	126	168	183	225	2.66e-04	33.1
7_39	6_52	39.535	43	26	0	126	168	129	171	4.93e-04	32.3
7_39	6_20	34.000	50	30	1	122	168	251	300	5.39e-04	32.3
7_39	6_55	26.619	139	83	4	30	168	92	211	8.31e-04	31.6
7_40	6_65	41.270	189	87	10	12	183	16	197	2.79e-30	108
7_40	6_46	43.056	72	36	1	94	160	314	385	1.88e-11	54.7
7_40	6_17	51.163	43	21	0	118	160	277	319	1.57e-09	48.9
7_40	6_25	47.917	48	25	0	113	160	218	265	3.36e-09	47.8
7_40	6_7	50.000	48	24	0	113	160	256	303	6.11e-09	47.4
7_40	6_57	37.500	72	41	2	92	160	233	303	1.45e-08	46.2
7_40	6_24	46.667	45	24	0	116	160	268	312	4.46e-08	44.7
7_40	6_49	44.186	43	24	0	118	160	186	228	6.30e-08	43.9
7_40	6_6	41.176	51	30	0	110	160	191	241	7.94e-08	43.9
7_40	6_38	45.000	40	22	0	121	160	410	449	2.52e-07	42.4
7_40	6_37	42.500	40	23	0	121	160	273	312	1.68e-06	39.7
7_40	6_18	37.681	69	42	1	92	160	173	240	2.03e-06	39.3
7_40	6_23	41.304	46	27	0	115	160	230	275	4.09e-06	38.5
7_40	6_51	39.130	46	28	0	115	160	271	316	6.17e-06	38.1
7_40	6_39	40.000	55	32	1	106	160	5	58	6.26e-06	37.7
7_40	6_68	26.271	118	84	2	44	160	56	171	7.84e-06	37.7
7_40	6_59	39.535	43	26	0	118	160	269	311	9.32e-06	37.4
7_40	6_71	35.556	45	29	0	116	160	81	125	1.00e-05	37.7
7_40	6_12	39.535	43	26	0	118	160	414	456	2.78e-05	36.2
7_40	6_44	41.463	41	24	0	118	158	287	327	4.41e-05	35.4
7_40	6_15	36.170	47	30	0	114	160	171	217	4.63e-05	35.4
7_40	6_53	36.957	46	29	0	115	160	48	93	5.17e-05	33.9
7_40	6_43	30.556	72	47	1	89	160	130	198	5.74e-05	34.7
7_40	6_20	29.577	71	47	1	90	160	233	300	1.15e-04	34.3
7_40	6_32	38.235	34	21	0	115	148	257	290	1.33e-04	33.9
7_40	6_60	35.417	48	26	1	113	160	371	413	1.53e-04	33.9
7_40	6_19	40.541	37	22	0	124	160	1	37	2.05e-04	33.1
7_40	6_28	41.860	43	25	0	118	160	183	225	2.36e-04	33.1
7_40	6_52	39.535	43	26	0	118	160	129	171	5.20e-04	32.0
7_41	6_18	78.947	19	4	0	150	168	156	174	7.93e-07	39.7
7_42	6_22	66.087	115	37	1	71	185	167	279	1.56e-48	159
7_42	6_2	68.750	64	18	1	77	138	281	344	9.49e-27	100
7_42	6_11	52.857	70	29	1	73	138	288	357	5.30e-18	75.9
7_42	6_62	48.214	56	29	0	80	135	220	275	2.81e-14	64.3
7_42	6_52	42.857	70	40	0	79	148	129	198	5.40e-13	60.5
7_42	6_53	41.791	67	36	1	78	141	50	116	1.56e-12	55.8
7_42	6_39	39.130	69	42	0	73	141	10	78	2.47e-12	58.2
7_42	6_8	35.526	76	49	0	62	137	214	289	1.33e-10	53.5
7_42	6_19	45.098	51	28	0	85	135	1	51	1.83e-10	52.0
7_42	6_25	39.344	61	37	0	78	138	222	282	3.03e-10	52.0
7_42	6_59	42.857	63	33	1	79	141	269	328	3.76e-10	51.6
7_42	6_30	37.879	66	41	0	79	144	268	333	8.21e-10	50.8
7_42	6_3	33.654	104	66	2	79	180	45	147	1.09e-09	50.1
7_42	6_58	39.655	58	35	0	78	135	15	72	1.85e-09	49.3
7_42	6_15	35.484	62	40	0	76	137	172	233	3.51e-09	48.9
7_42	6_45	41.538	65	30	2	76	136	60	120	8.75e-09	47.4
7_42	6_4	36.111	72	45	1	79	149	363	434	9.01e-09	47.8
7_42	6_55	37.879	66	41	0	79	144	169	234	9.53e-09	47.0
7_42	6_23	39.344	61	37	0	79	139	233	293	1.33e-08	47.0
7_42	6_66	38.710	62	38	0	75	136	154	215	1.54e-08	46.6
7_42	6_65	30.909	110	61	3	79	173	129	238	1.63e-08	47.0
7_42	6_44	32.990	97	57	2	67	163	275	363	1.99e-08	46.6
7_42	6_0	35.088	57	37	0	79	135	73	129	3.35e-08	45.8
7_42	6_63	34.483	58	38	0	79	136	300	357	3.82e-08	45.8
7_42	6_43	37.288	59	37	0	79	137	156	214	3.96e-08	45.1
7_42	6_71	36.232	69	43	1	73	141	77	144	9.58e-08	44.7
7_42	6_6	32.258	62	42	0	74	135	194	255	1.82e-07	43.5
7_42	6_61	35.385	65	40	1	79	143	106	168	1.97e-07	43.5
7_42	6_10	40.426	47	28	0	80	126	596	642	2.04e-07	43.5
7_42	6_21	32.394	71	48	0	70	140	271	341	2.81e-07	42.7
7_42	6_42	58.621	29	12	0	107	135	8	36	1.23e-06	40.0
7_42	6_69	36.842	57	36	0	79	135	209	265	1.34e-06	40.4
7_42	6_17	31.667	60	41	0	76	135	274	333	3.14e-06	39.7
7_42	6_60	39.623	53	26	1	108	160	400	446	4.50e-06	39.3
7_42	6_12	31.667	60	41	0	78	137	413	472	9.00e-06	38.5
7_42	6_18	32.727	55	37	0	79	133	198	252	9.03e-06	37.7
7_42	6_24	32.353	68	43	1	79	143	270	337	1.14e-05	38.1
7_42	6_20	33.333	57	38	0	82	138	261	317	1.27e-05	37.7
7_42	6_51	37.288	59	33	2	79	135	274	330	1.40e-05	37.7
7_42	6_68	37.255	51	32	0	73	123	123	173	2.15e-05	37.0
7_42	6_57	30.137	73	47	1	73	141	251	323	2.46e-05	37.0
7_42	6_7	31.579	57	39	0	79	135	261	317	3.30e-05	36.6
7_42	6_47	32.692	52	35	0	79	130	249	300	3.80e-05	36.2
7_42	6_38	28.235	85	49	1	82	166	410	482	4.31e-05	36.2
7_42	6_67	28.070	57	41	0	79	135	981	1037	4.35e-05	36.6
7_42	6_49	30.769	52	36	0	79	130	186	237	1.10e-04	35.0
7_42	6_28	28.333	60	43	0	79	138	183	242	1.45e-04	34.3
7_42	6_50	26.136	88	61	2	56	142	45	129	2.21e-04	33.5
7_42	6_16	41.509	53	30	1	79	130	32	84	2.25e-04	33.9
7_42	6_34	32.653	49	33	0	93	141	241	289	2.25e-04	33.9
7_42	6_27	26.562	64	45	1	79	140	405	468	2.46e-04	33.9
7_43	6_53	60.870	46	18	0	392	437	50	95	4.30e-15	64.3
7_43	6_19	64.103	39	14	0	399	437	1	39	1.22e-13	62.8
7_43	6_52	57.778	45	19	0	393	437	129	173	9.02e-13	61.6
7_43	6_30	57.778	45	19	0	393	437	268	312	9.32e-13	62.0
7_43	6_15	57.778	45	19	0	393	437	175	219	1.08e-12	61.6
7_43	6_68	60.417	48	19	0	391	438	127	174	2.76e-12	59.7
7_43	6_3	51.064	47	23	0	391	437	43	89	3.82e-11	56.2
7_43	6_8	48.276	58	26	1	392	445	230	287	7.52e-10	52.8
7_43	6_39	50.000	46	23	0	392	437	15	60	9.98e-09	48.5
7_43	6_0	39.062	64	35	1	392	451	72	135	4.50e-08	46.6
7_43	6_58	48.571	35	18	0	392	426	15	49	3.43e-05	37.4
7_43	6_2	35.897	78	41	2	360	437	261	329	4.27e-05	37.4
7_43	6_22	34.375	64	36	2	391	449	173	235	8.46e-05	36.6
7_43	6_42	54.167	24	11	0	414	437	1	24	1.55e-04	35.0
7_43	6_61	42.222	45	26	0	393	437	106	150	1.89e-04	35.4
7_44	6_34	63.934	183	62	1	2	184	109	287	5.43e-88	259
7_44	6_26	43.860	57	29	1	124	177	356	412	6.53e-11	52.4
7_44	6_67	43.750	48	27	0	130	177	987	1034	1.40e-09	48.5
7_44	6_50	35.294	68	41	1	120	184	62	129	5.15e-09	46.2
7_44	6_9	39.216	51	28	1	137	184	4	54	1.91e-08	43.5
7_44	6_65	37.975	79	40	2	107	185	121	190	1.33e-07	42.4
7_44	6_33	36.538	52	30	1	129	177	132	183	2.92e-07	41.6
7_44	6_71	28.000	100	57	2	78	177	52	136	4.22e-06	38.1
7_44	6_1	41.860	43	22	1	138	177	42	84	8.56e-06	37.0
7_44	6_62	32.000	50	34	0	130	179	225	274	1.61e-05	36.2
7_44	6_41	37.209	43	24	1	138	177	59	101	3.75e-05	35.0
7_44	6_19	54.839	31	14	0	147	177	18	48	5.52e-05	34.3
7_44	6_54	40.000	45	24	1	136	177	412	456	8.05e-05	34.3
7_44	6_0	28.000	75	50	2	109	179	54	128	1.08e-04	33.5
7_44	6_2	34.000	50	33	0	130	179	291	340	1.25e-04	33.5
7_44	6_55	41.176	34	20	0	152	185	197	230	1.44e-04	33.1
7_44	6_39	45.161	31	17	0	147	177	39	69	1.67e-04	33.1
7_44	6_29	42.424	33	19	0	145	177	155	187	1.97e-04	32.7
7_44	6_42	42.424	33	19	0	147	179	3	35	2.06e-04	32.3
7_44	6_20	32.895	76	39	2	104	179	250	313	2.26e-04	32.7
7_44	6_8	34.000	50	33	0	130	179	237	286	3.22e-04	32.3
7_44	6_17	28.571	49	35	0	129	177	282	330	3.46e-04	32.3
7_44	6_51	40.000	40	24	0	138	177	288	327	3.59e-04	32.3
7_44	6_3	33.333	51	34	0	129	179	50	100	4.13e-04	32.0
7_44	6_58	30.645	62	34	1	118	179	19	71	4.38e-04	32.0
7_44	6_45	30.000	50	35	0	130	179	69	118	5.41e-04	31.6
7_44	6_15	32.787	61	40	1	125	185	177	236	6.41e-04	31.6
7_44	6_49	38.636	44	22	1	132	175	199	237	7.96e-04	31.2
7_44	6_12	36.000	50	32	0	130	179	420	469	8.14e-04	31.2
7_45	6_10	58.784	148	49	2	150	297	195	330	9.11e-51	182
7_45	6_10	58.442	77	29	1	969	1042	223	299	1.72e-22	95.1
7_45	6_10	31.298	131	62	3	449	579	540	642	1.89e-15	72.4
7_45	6_2	28.472	144	86	4	455	588	205	341	7.95e-12	60.5
7_45	6_22	37.778	90	48	2	523	606	168	255	2.01e-10	55.8
7_45	6_62	34.375	64	42	0	530	593	217	280	6.46e-10	54.3
7_45	6_39	33.803	71	47	0	521	591	5	75	4.46e-09	51.2
7_45	6_11	32.051	78	43	1	533	610	299	366	5.85e-08	48.1
7_45	6_4	32.258	62	42	0	527	588	358	419	2.20e-07	46.2
7_45	6_0	35.593	59	38	0	530	588	71	129	6.28e-07	44.3
7_45	6_65	30.337	89	56	2	509	594	106	191	5.01e-06	41.6
7_45	6_67	30.159	63	42	1	527	589	978	1038	1.71e-05	40.4
7_45	6_53	33.871	62	41	0	530	591	49	110	3.94e-05	36.6
7_45	6_63	25.641	78	57	1	511	588	280	356	4.38e-05	38.9
7_45	6_8	32.759	58	39	0	530	587	229	286	5.39e-05	38.5
7_45	6_3	29.688	64	45	0	530	593	43	106	1.44e-04	37.0
7_45	6_30	27.632	76	52	1	516	591	255	327	1.46e-04	37.0
7_45	6_19	34.545	55	36	0	538	592	1	55	1.56e-04	36.6
7_45	6_58	28.333	60	43	0	530	589	14	73	3.10e-04	35.8
7_45	6_16	27.322	183	97	8	530	697	30	191	3.25e-04	35.8
7_45	6_45	29.310	58	41	0	533	590	64	121	3.39e-04	35.8
7_45	6_59	21.782	101	79	0	488	588	225	325	3.70e-04	35.8
7_45	6_52	26.230	61	45	0	533	593	130	190	3.95e-04	35.4
7_45	6_44	29.688	64	39	2	528	588	283	343	5.40e-04	35.0
7_45	6_69	21.429	84	66	0	527	610	204	287	5.47e-04	35.0
7_45	6_6	26.582	79	53	1	529	607	196	269	6.77e-04	34.7
7_45	6_34	30.303	66	40	1	522	587	223	282	7.83e-04	34.7
7_45	6_15	28.986	69	44	1	533	596	176	244	8.17e-04	34.7
7_45	6_28	26.866	67	49	0	527	593	178	244	8.29e-04	34.3
7_45	6_66	23.729	59	45	0	530	588	156	214	0.001	34.3
7_46	6_7	70.064	157	42	3	36	190	243	396	7.14e-74	222
7_46	6_17	45.161	93	39	2	50	139	269	352	2.68e-22	85.1
7_46	6_24	43.697	119	57	2	53	171	268	376	1.09e-21	84.0
7_46	6_23	58.333	60	25	0	52	111	230	289	2.13e-20	79.7
7_46	6_43	61.017	59	23	0	53	111	154	212	6.20e-20	77.0
7_46	6_25	50.704	71	35	0	50	120	218	288	2.43e-18	73.9
7_46	6_55	55.000	60	27	0	52	111	166	225	3.39e-18	72.8
7_46	6_6	48.529	68	34	1	48	115	193	259	3.56e-18	73.6
7_46	6_51	54.688	64	29	0	48	111	267	330	2.36e-17	71.6
7_46	6_60	52.632	57	27	0	55	111	371	427	3.46e-17	70.9
7_46	6_65	36.634	101	64	0	11	111	85	185	1.41e-16	68.9
7_46	6_38	55.556	54	24	0	57	110	409	462	3.98e-16	68.2
7_46	6_53	46.875	64	34	0	48	111	44	107	6.81e-16	63.5
7_46	6_61	46.774	62	33	0	51	112	102	163	9.30e-16	66.6
7_46	6_12	39.326	89	51	1	55	140	414	502	2.67e-15	65.5
7_46	6_59	44.262	61	34	0	55	115	269	329	6.81e-15	64.3
7_46	6_30	39.560	91	43	2	34	112	235	325	8.98e-15	63.9
7_46	6_44	50.000	60	30	0	55	114	287	346	1.49e-14	63.2
7_46	6_19	42.857	56	32	0	61	116	1	56	3.92e-14	61.2
7_46	6_52	44.828	58	32	0	55	112	129	186	5.67e-14	61.6
7_46	6_46	50.877	57	28	0	50	106	338	394	6.43e-14	61.6
7_46	6_37	58.696	46	19	0	58	103	273	318	8.58e-14	60.8
7_46	6_71	41.026	78	46	0	51	128	79	156	1.30e-13	60.8
7_46	6_15	38.571	70	43	0	42	111	162	231	1.66e-13	60.1
7_46	6_0	33.333	84	52	2	45	125	60	142	8.02e-13	58.2
7_46	6_49	50.000	52	26	0	55	106	186	237	9.11e-13	58.2
7_46	6_21	41.176	68	40	0	55	122	280	347	9.54e-13	57.8
7_46	6_20	36.000	75	48	0	47	121	250	324	2.79e-12	56.6
7_46	6_3	41.935	62	36	0	52	113	42	103	2.96e-12	56.2
7_46	6_18	48.148	54	28	0	55	108	198	251	3.04e-12	55.8
7_46	6_69	38.571	70	43	0	50	119	204	273	1.18e-11	54.3
7_46	6_39	32.143	84	53	1	53	132	14	97	1.41e-11	54.3
7_46	6_28	38.356	73	44	1	55	127	183	254	1.51e-11	53.9
7_46	6_57	38.667	75	44	1	37	111	245	317	3.26e-11	53.5
7_46	6_45	35.938	64	38	1	55	118	63	123	1.71e-10	51.2
7_46	6_47	42.308	52	30	0	55	106	249	300	2.41e-10	50.8
7_46	6_8	31.507	73	50	0	52	124	228	300	3.91e-10	50.4
7_46	6_58	33.721	86	55	2	53	138	14	97	7.49e-10	49.3
7_46	6_36	55.556	36	16	0	53	88	239	274	3.78e-07	41.2
7_46	6_42	28.916	83	49	3	84	163	9	84	6.98e-07	40.0
7_46	6_14	32.692	52	35	0	52	103	707	758	1.12e-06	40.0
7_46	6_64	53.846	26	12	0	87	112	16	41	3.75e-06	37.4
7_46	6_66	31.707	82	55	1	33	113	135	216	7.24e-06	37.4
7_46	6_22	35.088	57	37	0	55	111	175	231	8.52e-06	37.4
7_46	6_67	30.645	62	43	0	55	116	981	1042	1.30e-05	37.0
7_46	6_63	33.333	57	38	0	55	111	300	356	1.67e-05	36.6
7_46	6_48	31.034	58	40	0	53	110	308	365	1.83e-05	36.2
7_46	6_68	37.255	51	32	0	51	101	125	175	3.11e-05	35.4
7_46	6_2	32.203	59	40	0	53	111	283	341	3.26e-05	35.4
7_46	6_13	30.137	73	35	2	55	111	266	338	4.81e-05	35.0
7_46	6_11	29.487	78	53	1	34	111	279	354	5.08e-05	35.0
7_46	6_4	30.303	66	44	1	55	118	363	428	5.57e-05	35.0
7_46	6_9	34.146	41	27	0	78	118	17	57	8.72e-05	33.5
7_46	6_34	35.000	40	26	0	69	108	241	280	2.01e-04	33.1
7_46	6_50	34.146	41	27	0	78	118	92	132	3.15e-04	32.3
7_46	6_40	27.083	48	35	0	64	111	40	87	4.31e-04	30.8
7_46	6_32	41.667	36	20	1	49	84	254	288	7.27e-04	31.2
7_47	6_53	69.231	52	16	0	131	182	47	98	2.84e-19	75.9
7_47	6_30	54.167	72	28	2	111	182	249	315	5.46e-17	75.1
7_47	6_68	54.412	68	29	2	112	179	108	173	7.00e-17	73.6
7_47	6_52	64.583	48	17	0	135	182	129	176	1.55e-15	70.1
7_47	6_19	59.524	42	17	0	141	182	1	42	1.48e-13	62.4
7_47	6_3	56.863	51	22	0	132	182	42	92	1.77e-13	62.8
7_47	6_8	50.909	55	27	0	128	182	224	278	9.54e-13	61.6
7_47	6_39	50.847	59	29	0	124	182	5	63	2.73e-12	59.3
7_47	6_15	46.667	60	31	1	124	182	163	222	1.21e-11	58.2
7_47	6_0	32.090	134	75	6	84	206	17	145	5.36e-10	52.4
7_47	6_23	45.098	51	28	0	132	182	230	280	1.00e-07	45.4
7_47	6_55	45.098	51	28	0	132	182	166	216	1.73e-07	44.3
7_47	6_7	38.983	59	35	1	124	182	251	308	1.72e-06	41.6
7_47	6_58	32.258	93	59	3	129	219	10	100	1.98e-06	41.2
7_47	6_43	37.879	66	39	1	119	182	138	203	2.37e-06	40.8
7_47	6_61	33.696	92	56	3	120	206	90	181	3.16e-06	40.8
7_47	6_65	34.286	70	45	1	114	182	107	176	4.55e-06	40.4
7_47	6_22	37.037	54	34	0	129	182	169	222	1.68e-05	38.5
7_47	6_2	30.400	125	74	6	69	182	210	332	1.74e-05	38.5
7_47	6_6	34.545	55	36	0	128	182	192	246	2.84e-05	37.7
7_47	6_42	55.556	27	12	0	156	182	1	27	3.00e-05	37.0
7_47	6_59	32.468	77	44	2	134	202	268	344	3.59e-05	37.4
7_47	6_46	31.313	99	56	3	96	182	292	390	5.23e-05	37.0
7_47	6_51	25.781	128	69	4	71	178	196	317	8.21e-05	36.2
7_47	6_24	36.000	50	32	0	133	182	268	317	1.07e-04	36.2
7_47	6_38	36.538	52	33	0	131	182	403	454	1.27e-04	35.8
7_47	6_49	36.735	49	31	0	134	182	185	233	1.36e-04	35.4
7_47	6_37	37.778	45	28	0	138	182	273	317	2.69e-04	34.7
7_47	6_47	32.000	50	34	0	133	182	247	296	2.73e-04	34.3
7_47	6_28	36.000	50	32	0	133	182	181	230	3.02e-04	34.3
7_47	6_57	29.070	86	52	1	106	182	223	308	8.01e-04	33.1
7_49	6_23	71.277	94	25	2	89	181	222	314	5.83e-40	142
7_49	6_55	76.000	75	18	0	96	170	164	238	2.81e-37	131
7_49	6_7	52.857	70	29	1	89	158	253	318	3.49e-17	75.9
7_49	6_61	46.154	78	36	1	87	164	98	169	4.98e-17	75.1
7_49	6_46	62.963	54	20	0	99	152	341	394	8.11e-16	71.6
7_49	6_24	48.684	76	36	2	95	169	266	339	1.11e-15	71.2
7_49	6_6	48.000	75	39	0	99	173	197	271	1.92e-15	69.7
7_49	6_43	46.341	82	40	1	99	176	154	235	1.54e-14	65.9
7_49	6_25	53.226	62	26	1	98	159	223	281	1.75e-13	63.5
7_49	6_44	49.296	71	36	0	101	171	287	357	2.63e-13	63.5
7_49	6_53	49.254	67	31	1	88	154	41	104	4.99e-13	58.2
7_49	6_17	48.438	64	30	1	98	158	271	334	5.43e-13	62.4
7_49	6_60	43.210	81	42	2	98	178	370	446	6.52e-13	62.4
7_49	6_8	36.111	108	59	3	96	196	226	330	2.60e-12	60.8
7_49	6_18	53.704	54	25	0	101	154	198	251	2.63e-12	58.9
7_49	6_65	41.489	94	48	3	98	190	129	216	3.12e-12	60.1
7_49	6_47	48.077	52	27	0	101	152	249	300	9.86e-12	57.8
7_49	6_59	51.852	54	26	0	101	154	269	322	1.03e-11	58.2
7_49	6_38	50.725	69	32	1	95	163	401	467	1.25e-11	58.5
7_49	6_21	44.068	59	33	0	101	159	280	338	1.68e-11	57.8
7_49	6_52	49.123	57	29	0	101	157	129	185	3.09e-11	57.0
7_49	6_19	47.917	48	25	0	111	158	5	52	6.60e-11	54.7
7_49	6_69	37.931	87	43	1	91	166	199	285	6.67e-11	55.1
7_49	6_28	45.902	61	33	0	101	161	183	243	6.87e-11	55.1
7_49	6_45	39.706	68	37	1	98	161	56	123	8.33e-11	55.1
7_49	6_30	34.862	109	64	3	53	159	223	326	9.79e-11	55.8
7_49	6_58	44.068	59	33	0	99	157	14	72	1.51e-10	54.3
7_49	6_20	37.805	82	44	2	96	170	250	331	3.10e-10	53.9
7_49	6_37	52.174	46	22	0	104	149	273	318	3.43e-10	53.1
7_49	6_12	44.068	59	33	0	101	159	414	472	4.06e-10	53.9
7_49	6_15	39.344	61	37	0	101	161	175	235	4.96e-10	53.1
7_49	6_57	42.105	76	40	2	87	162	251	322	5.91e-10	53.1
7_49	6_22	42.623	61	35	0	101	161	175	235	2.00e-09	51.2
7_49	6_39	46.429	56	30	0	99	154	14	69	2.32e-09	50.4
7_49	6_0	40.000	60	36	0	98	157	70	129	4.17e-09	50.1
7_49	6_3	43.548	62	29	2	98	156	42	100	5.07e-09	49.7
7_49	6_49	43.636	55	29	1	98	152	185	237	6.75e-09	49.7
7_49	6_71	36.145	83	50	2	90	170	73	154	8.55e-09	49.7
7_49	6_42	46.875	32	17	0	130	161	9	40	2.30e-07	43.5
7_49	6_34	38.182	55	34	0	115	169	241	295	3.39e-07	44.3
7_49	6_2	41.071	56	33	0	104	159	288	343	8.83e-07	43.1
7_49	6_51	42.188	64	33	2	96	157	269	330	1.57e-06	42.0
7_49	6_11	29.070	86	57	1	85	170	286	367	6.28e-06	40.0
7_49	6_64	60.000	25	10	0	133	157	16	40	1.27e-05	37.4
7_49	6_48	40.351	57	33	1	96	152	306	361	1.48e-05	38.9
7_49	6_4	37.288	59	37	0	101	159	363	421	2.05e-05	38.5
7_49	6_63	34.483	58	38	0	101	158	300	357	3.55e-05	37.7
7_49	6_66	47.727	44	23	0	115	158	172	215	7.25e-05	36.6
7_49	6_50	39.130	46	26	1	122	165	90	135	4.92e-04	33.5
