# cline: mcl /mnt/c/worms/homeo_spiralia/Results_Mar08/WorkingDirectory/OrthoFinder_v2.2.6_graph.txt "-I" "1.5" "-o" "/mnt/c/worms/homeo_spiralia/Results_Mar08/WorkingDirectory/clusters_OrthoFinder_v2.2.6_I1.5.txt" "-te" "1" "-V" "all"
(mclheader
mcltype matrix
dimensions 1296x242
)
(mclmatrix
begin
0    56 160 167 203 210 217 224 248 263 271 460 477 480 506 514 521
       537 539 540 614 620 626 633 654 666 673 686 765 831 836 841
       857 903 933 982 1022 1031 1062 1075 1097 1141 1227 1267 1274
       1293 $
1    117 118 119 120 121 122 123 124 129 130 131 132 133 134 139 140
       141 142 342 365 592 738 740 826 830 835 917 918 942 947 1092
       1094 1096 1157 1183 1224 1279 $
2    86 87 91 92 93 96 106 264 284 325 337 396 507 508 612 618 624
       625 721 725 728 734 748 806 812 814 916 1110 1142 1179 1259
       1260 $
3    88 94 211 220 223 272 338 352 379 403 547 556 663 718 722 883
       929 931 938 939 940 941 943 964 1127 1147 1193 1204 1278 1281 $
4    4 20 21 22 31 32 297 348 377 425 427 428 429 456 560 579 615 729
       794 832 908 909 948 953 1014 1125 1208 1290 $
5    969 970 973 988 990 992 993 1010 1011 1032 1035 1037 1038 1039
       1041 1043 1044 1054 1058 1077 1078 1084 1085 $
6    37 150 239 262 295 387 411 576 743 842 896 897 1132 1163 1200
       1207 1254 1255 $
7    180 194 200 302 345 437 438 472 653 695 872 874 1072 1079 1155
       1159 1202 1243 $
8    36 42 43 44 314 421 566 603 839 840 952 957 1069 1104 1174 1177
       1182 $
9    52 53 55 306 349 418 420 622 635 818 822 966 968 1149 1197 1229
       1295 $
10   135 145 282 313 371 463 623 687 771 789 790 792 1002 1005 1144
       1181 1292 $
11   221 225 228 233 269 353 356 357 516 629 689 848 852 954 1113 1235
       1277 $
12   5 213 241 360 362 363 562 567 844 847 892 932 1145 1233 1249 1250 $
13   193 198 199 335 354 441 470 671 681 757 870 900 1023 1161 1173
       1221 $
14   23 25 274 445 446 517 519 554 762 961 1015 1066 1070 1114 1231 $
15   74 79 80 82 293 364 473 650 669 692 772 962 963 1045 1199 $
16   163 164 166 331 404 545 660 697 780 919 1026 1027 1137 1196 1288 $
17   179 189 190 196 205 206 207 280 380 435 694 875 1016 1121 1209 $
18   759 760 761 764 767 768 774 775 776 777 778 808 809 810 1219 $
19   1 2 10 173 586 698 699 704 706 1115 1151 1156 1244 1266 $
20   64 65 67 68 71 289 448 488 491 564 753 975 1126 1280 $
21   125 126 143 257 388 498 594 608 773 945 1067 1136 1265 1282 $
22   161 162 165 310 318 384 541 679 781 786 788 895 1109 1185 $
23   172 341 422 595 731 735 901 902 905 920 946 1165 1222 1246 $
24   191 201 256 439 520 591 703 923 1019 1024 1025 1172 1195 1271 $
25   216 218 219 222 254 414 524 577 837 1060 1107 1239 1285 1286 $
26   149 151 152 154 155 156 316 512 570 856 1028 1226 1247 $
27   208 593 834 1053 1056 1057 1080 1081 1082 1083 1167 1184 1291 $
28   247 259 326 634 646 656 797 801 802 816 825 869 871 $
29   308 321 323 394 485 497 528 531 700 712 714 715 763 $
30   0 305 752 754 755 756 888 950 1133 1241 1261 1262 $
31   12 373 559 605 862 863 995 997 1061 1143 1236 1275 $
32   24 250 390 543 551 610 720 882 907 910 1108 1189 $
33   61 62 290 452 461 464 548 850 979 1089 1122 1258 $
34   75 81 237 355 401 574 803 884 885 1123 1225 1264 $
35   98 158 336 344 500 510 511 563 609 824 944 1063 $
36   104 107 333 398 499 542 600 747 890 914 1154 1176 $
37   108 109 251 412 580 751 894 949 1105 1171 1237 1253 $
38   110 111 112 114 115 270 386 597 865 866 887 1178 $
39   169 324 565 568 596 627 644 645 647 727 730 732 $
40   13 14 230 315 389 590 602 787 877 958 1007 $
41   33 34 35 40 41 301 482 546 573 724 893 $
42   47 327 449 468 569 817 977 1040 1146 1198 1273 $
43   89 90 95 268 300 430 549 707 1076 1117 1170 $
44   99 100 102 275 361 607 639 804 1030 1100 1252 $
45   137 303 459 494 555 676 782 791 956 1052 1194 $
46   178 187 195 204 279 433 479 670 876 1017 1134 $
47   188 291 370 434 471 652 873 1020 1152 1192 1287 $
48   16 17 312 444 495 688 864 955 1148 1223 $
49   73 320 393 616 853 936 1049 1120 1234 1284 $
50   147 153 236 359 395 419 630 783 985 1218 $
51   185 209 276 409 677 739 741 924 1059 1228 $
52   58 243 454 467 621 861 974 1138 1211 $
53   69 311 453 492 691 879 1047 1116 1220 $
54   97 101 103 283 406 552 785 986 1128 $
55   168 170 171 238 255 584 661 833 855 $
56   181 182 278 440 509 696 702 991 1086 $
57   184 242 374 475 558 604 798 1021 1140 $
58   214 261 400 578 672 769 911 1135 1217 $
59   215 328 523 655 854 915 928 959 1166 $
60   294 450 513 518 662 793 965 1046 1272 $
61   304 376 582 606 843 998 1101 1248 1257 $
62   3 28 415 522 557 770 906 922 $
63   15 235 375 423 588 795 1029 1099 $
64   38 39 267 457 478 631 799 994 $
65   57 60 322 399 581 934 1074 1216 $
66   144 252 458 466 619 784 984 1124 $
67   177 298 432 483 680 867 1073 1139 $
68   192 197 292 378 436 589 868 898 $
69   212 253 402 649 851 1018 1153 1251 $
70   226 258 368 553 811 1000 1093 1283 $
71   227 347 490 583 749 1071 1169 1269 $
72   260 408 484 529 628 815 927 987 $
73   7 405 561 742 912 1106 1240 $
74   8 536 601 746 921 1160 1201 $
75   18 286 486 641 828 1068 1186 $
76   70 307 504 664 880 1051 1090 $
77   84 296 527 683 708 926 1013 $
78   113 240 417 638 805 996 1276 $
79   340 451 598 859 860 960 1180 $
80   343 532 642 807 1065 1118 1212 $
81   505 675 737 1168 1175 1215 1270 $
82   27 329 533 637 827 904 $
83   66 273 469 668 878 976 $
84   105 234 424 525 838 1036 $
85   232 366 617 823 1008 1289 $
86   643 657 667 684 690 967 $
87   9 157 159 544 736 $
88   59 285 648 658 750 $
89   72 77 78 281 733 $
90   116 487 685 800 999 $
91   127 534 1001 1004 1095 $
92   186 334 858 899 925 $
93   265 476 585 796 1213 $
94   413 665 930 989 1191 $
95   6 26 572 701 $
96   45 48 299 819 $
97   51 54 346 820 $
98   76 246 1087 1214 $
99   174 175 231 709 $
100  277 710 711 1294 $
101  489 745 1187 1268 $
102  63 266 881 $
103  85 229 849 $
104  502 530 613 $
105  678 937 1042 $
106  829 1012 1232 $
107  202 726 $
108  358 1033 $
109  913 951 $
110  11 $
111  19 $
112  29 $
113  30 $
114  46 $
115  49 $
116  50 $
117  83 $
118  128 $
119  136 $
120  138 $
121  146 $
122  148 $
123  176 $
124  183 $
125  244 $
126  245 $
127  249 $
128  287 $
129  288 $
130  309 $
131  317 $
132  319 $
133  330 $
134  332 $
135  339 $
136  350 $
137  351 $
138  367 $
139  369 $
140  372 $
141  381 $
142  382 $
143  383 $
144  385 $
145  391 $
146  392 $
147  397 $
148  407 $
149  410 $
150  416 $
151  426 $
152  431 $
153  442 $
154  443 $
155  447 $
156  455 $
157  462 $
158  465 $
159  474 $
160  481 $
161  493 $
162  496 $
163  501 $
164  503 $
165  515 $
166  526 $
167  535 $
168  538 $
169  550 $
170  571 $
171  575 $
172  587 $
173  599 $
174  611 $
175  632 $
176  636 $
177  640 $
178  651 $
179  659 $
180  674 $
181  682 $
182  693 $
183  705 $
184  713 $
185  716 $
186  717 $
187  719 $
188  723 $
189  744 $
190  758 $
191  766 $
192  779 $
193  813 $
194  821 $
195  845 $
196  846 $
197  886 $
198  889 $
199  891 $
200  935 $
201  971 $
202  972 $
203  978 $
204  980 $
205  981 $
206  983 $
207  1003 $
208  1006 $
209  1009 $
210  1034 $
211  1048 $
212  1050 $
213  1055 $
214  1064 $
215  1088 $
216  1091 $
217  1098 $
218  1102 $
219  1103 $
220  1111 $
221  1112 $
222  1119 $
223  1129 $
224  1130 $
225  1131 $
226  1150 $
227  1158 $
228  1162 $
229  1164 $
230  1188 $
231  1190 $
232  1203 $
233  1205 $
234  1206 $
235  1210 $
236  1230 $
237  1238 $
238  1242 $
239  1245 $
240  1256 $
241  1263 $
)
